-10 0 0 0 0 0 0 0 0
-9.99 0 0 0 0 0 0 0 0
-9.98 0 0 0 0 0 0 0 0
-9.97 0 0 0 0 0 0 0 0
-9.96 0 0 0 0 0 0 0 0
-9.95 0 0 0 0 0 0 0 0
-9.94 0 0 0 0 0 0 0 0
-9.93 0 0 0 0 0 0 0 0
-9.92 0 0 0 0 0 0 0 0
-9.91 0 0 0 0 0 0 0 0
-9.9 0 0 0 0 0 0 0 0
-9.89 0 0 0 0 0 0 0 0
-9.88 0 0 0 0 0 0 0 0
-9.87 0 0 0 0 0 0 0 0
-9.86 0 0 0 0 0 0 0 0
-9.85 0 0 0 0 0 0 0 0
-9.84 0 0 0 0 0 0 0 0
-9.83 0 0 0 0 0 0 0 0
-9.82 0 0 0 0 0 0 0 0
-9.81 0 0 0 0 0 0 0 0
-9.8 0 0 0 0 0 0 0 0
-9.79 0 0 0 0 0 0 0 0
-9.78 0 0 0 0 0 0 0 0
-9.77 0 0 0 0 0 0 0 0
-9.76 0 0 0 0 0 0 0 0
-9.75 0 0 0 0 0 0 0 0
-9.74 0 0 0 0 0 0 0 0
-9.73 0 0 0 0 0 0 0 0
-9.72 0 0 0 0 0 0 0 0
-9.71 0 0 0 0 0 0 0 0
-9.7 0 0 0 0 0 0 0 0
-9.69 0 0 0 0 0 0 0 0
-9.68 0 0 0 0 0 0 0 0
-9.67 0 0 0 0 0 0 0 0
-9.66 0 0 0 0 0 0 0 0
-9.65 0 0 0 0 0 0 0 0
-9.64 0 0 0 0 0 0 0 0
-9.63 0 0 0 0 0 0 0 0
-9.62 0 0 0 0 0 0 0 0
-9.61 0 0 0 0 0 0 0 0
-9.6 0 0 0 0 0 0 0 0
-9.59 0 0 0 0 0 0 0 0
-9.58 0 0 0 0 0 0 0 0
-9.57 0 0 0 0 0 0 0 0
-9.56 0 0 0 0 0 0 0 0
-9.55 0 0 0 0 0 0 0 0
-9.54 0 0 0 0 0 0 0 0
-9.53 0 0 0 0 0 0 0 0
-9.52 0 0 0 0 0 0 0 0
-9.51 0 0 0 0 0 0 0 0
-9.5 0 0 0 0 0 0 0 0
-9.49 0 0 0 0 0 0 0 0
-9.48 0 0 0 0 0 0 0 0
-9.47 0 0 0 0 0 0 0 0
-9.46 0 0 0 0 0 0 0 0
-9.45 0 0 0 0 0 0 0 0
-9.44 0 0 0 0 0 0 0 0
-9.43 0 0 0 0 0 0 0 0
-9.42 0 0 0 0 0 0 0 0
-9.41 0 0 0 0 0 0 0 0
-9.4 0 0 0 0 0 0 0 0
-9.39 0 0 0 0 0 0 0 0
-9.38 0 0 0 0 0 0 0 0
-9.37 0 0 0 0 0 0 0 0
-9.36 0 0 0 0 0 0 0 0
-9.35 0 0 0 0 0 0 0 0
-9.34 0 0 0 0 0 0 0 0
-9.33 0 0 0 0 0 0 0 0
-9.32 0 0 0 0 0 0 0 0
-9.31 0 0 0 0 0 0 0 0
-9.3 0 0 0 0 0 0 0 0
-9.29 0 0 0 0 0 0 0 0
-9.28 0 0 0 0 0 0 0 0
-9.27 0 0 0 0 0 0 0 0
-9.26 0 0 0 0 0 0 0 0
-9.25 0 0 0 0 0 0 0 0
-9.24 0 0 0 0 0 0 0 0
-9.23 0 0 0 0 0 0 0 0
-9.22 0 0 0 0 0 0 0 0
-9.21 0 0 0 0 0 0 0 0
-9.2 0 0 0 0 0 0 0 0
-9.19 0 0 0 0 0 0 0 0
-9.18 0 0 0 0 0 0 0 0
-9.17 0 0 0 0 0 0 0 0
-9.16 0 0 0 0 0 0 0 0
-9.15 0 0 0 0 0 0 0 0
-9.14 0 0 0 0 0 0 0 0
-9.13 0 0 0 0 0 0 0 0
-9.12 0 0 0 0 0 0 0 0
-9.11 0 0 0 0 0 0 0 0
-9.1 0 0 0 0 0 0 0 0
-9.09 0 0 0 0 0 0 0 0
-9.08 0 0 0 0 0 0 0 0
-9.07 0 0 0 0 0 0 0 0
-9.06 0 0 0 0 0 0 0 0
-9.05 0 0 0 0 0 0 0 0
-9.04 0 0 0 0 0 0 0 0
-9.03 0 0 0 0 0 0 0 0
-9.02 0 0 0 0 0 0 0 0
-9.01 0 0 0 0 0 0 0 0
-9 0 0 0 0 0 0 0 0
-8.99 0 0 0 0 0 0 0 0
-8.98 0 0 0 0 0 0 0 0
-8.97 0 0 0 0 0 0 0 0
-8.96 0 0 0 0 0 0 0 0
-8.95 0 0 0 0 0 0 0 0
-8.94 0 0 0 0 0 0 0 0
-8.93 0 0 0 0 0 0 0 0
-8.92 0 0 0 0 0 0 0 0
-8.91 0 0 0 0 0 0 0 0
-8.9 0 0 0 0 0 0 0 0
-8.89 0 0 0 0 0 0 0 0
-8.88 0 0 0 0 0 0 0 0
-8.87 0 0 0 0 0 0 0 0
-8.86 0 0 0 0 0 0 0 0
-8.85 0 0 0 0 0 0 0 0
-8.84 0 0 0 0 0 0 0 0
-8.83 0 0 0 0 0 0 0 0
-8.82 0 0 0 0 0 0 0 0
-8.81 0 0 0 0 0 0 0 0
-8.8 0 0 0 0 0 0 0 0
-8.79 0 0 0 0 0 0 0 0
-8.78 0 0 0 0 0 0 0 0
-8.77 0 0 0 0 0 0 0 0
-8.76 0 0 0 0 0 0 0 0
-8.75 0 0 0 0 0 0 0 0
-8.74 0 0 0 0 0 0 0 0
-8.73 0 0 0 0 0 0 0 0
-8.72 0 0 0 0 0 0 0 0
-8.71 0 0 0 0 0 0 0 0
-8.7 0 0 0 0 0 0 0 0
-8.69 0 0 0 0 0 0 0 0
-8.68 0 0 0 0 0 0 0 0
-8.67 0 0 0 0 0 0 0 0
-8.66 0 0 0 0 0 0 0 0
-8.65 0 0 0 0 0 0 0 0
-8.64 0 0 0 0 0 0 0 0
-8.63 0 0 0 0 0 0 0 0
-8.62 0 0 0 0 0 0 0 0
-8.61 0 0 0 0 0 0 0 0
-8.6 0 0 0 0 0 0 0 0
-8.59 0 0 0 0 0 0 0 0
-8.58 0 0 0 0 0 0 0 0
-8.57 0 0 0 0 0 0 0 0
-8.56 0 0 0 0 0 0 0 0
-8.55 0 0 0 0 0 0 0 0
-8.54 0 0 0 0 0 0 0 0
-8.53 0 0 0 0 0 0 0 0
-8.52 0 0 0 0 0 0 0 0
-8.51 0 0 0 0 0 0 0 0
-8.5 0 0 0 0 0 0 0 0
-8.49 0 0 0 0 0 0 0 0
-8.48 0 0 0 0 0 0 0 0
-8.47 0 0 0 0 0 0 0 0
-8.46 0 0 0 0 0 0 0 0
-8.45 0 0 0 0 0 0 0 0
-8.44 0 0 0 0 0 0 0 0
-8.43 0 0 0 0 0 0 0 0
-8.42 0 0 0 0 0 0 0 0
-8.41 0 0 0 0 0 0 0 0
-8.4 0 0 0 0 0 0 0 0
-8.39 0 0 0 0 0 0 0 0
-8.38 0 0 0 0 0 0 0 0
-8.37 0 0 0 0 0 0 0 0
-8.36 0 0 0 0 0 0 0 0
-8.35 0 0 0 0 0 0 0 0
-8.34 0 0 0 0 0 0 0 0
-8.33 0 0 0 0 0 0 0 0
-8.32 0 0 0 0 0 0 0 0
-8.31 0 0 0 0 0 0 0 0
-8.3 0 0 0 0 0 0 0 0
-8.29 0 0 0 0 0 0 0 0
-8.28 0 0 0 0 0 0 0 0
-8.27 0 0 0 0 0 0 0 0
-8.26 0 0 0 0 0 0 0 0
-8.25 0 0 0 0 0 0 0 0
-8.24 0 0 0 0 0 0 0 0
-8.23 0 0 0 0 0 0 0 0
-8.22 0 0 0 0 0 0 0 0
-8.21 0 0 0 0 0 0 0 0
-8.2 0 0 0 0 0 0 0 0
-8.19 0 0 0 0 0 0 0 0
-8.18 0 0 0 0 0 0 0 0
-8.17 0 0 0 0 0 0 0 0
-8.16 0 0 0 0 0 0 0 0
-8.15 0 0 0 0 0 0 0 0
-8.14 0 0 0 0 0 0 0 0
-8.13 0 0 0 0 0 0 0 0
-8.12 0 0 0 0 0 0 0 0
-8.11 0 0 0 0 0 0 0 0
-8.1 0 0 0 0 0 0 0 0
-8.09 0 0 0 0 0 0 0 0
-8.08 0 0 0 0 0 0 0 0
-8.07 0 0 0 0 0 0 0 0
-8.06 0 0 0 0 0 0 0 0
-8.05 0 0 0 0 0 0 0 0
-8.04 0 0 0 0 0 0 0 0
-8.03 0 0 0 0 0 0 0 0
-8.02 0 0 0 0 0 0 0 0
-8.01 0 0 0 0 0 0 0 0
-8 0 0 0 0 0 0 0 0
-7.99 0 0 0 0 0 0 0 0
-7.98 0 0 0 0 0 0 0 0
-7.97 0 0 0 0 0 0 0 0
-7.96 0 0 0 0 0 0 0 0
-7.95 0 0 0 0 0 0 0 0
-7.94 0 0 0 0 0 0 0 0
-7.93 0 0 0 0 0 0 0 0
-7.92 0 0 0 0 0 0 0 0
-7.91 0 0 0 0 0 0 0 0
-7.9 0 0 0 0 0 0 0 0
-7.89 0 0 0 0 0 0 0 0
-7.88 0 0 0 0 0 0 0 0
-7.87 0 0 0 0 0 0 0 0
-7.86 0 0 0 0 0 0 0 0
-7.85 0 0 0 0 0 0 0 0
-7.84 0 0 0 0 0 0 0 0
-7.83 0 0 0 0 0 0 0 0
-7.82 0 0 0 0 0 0 0 0
-7.81 0 0 0 0 0 0 0 0
-7.8 0 0 0 0 0 0 0 0
-7.79 0 0 0 0 0 0 0 0
-7.78 0 0 0 0 0 0 0 0
-7.77 0 0 0 0 0 0 0 0
-7.76 0 0 0 0 0 0 0 0
-7.75 0 0 0 0 0 0 0 0
-7.74 0 0 0 0 0 0 0 0
-7.73 0 0 0 0 0 0 0 0
-7.72 0 0 0 0 0 0 0 0
-7.71 0 0 0 0 0 0 0 0
-7.7 0 0 0 0 0 0 0 0
-7.69 0 0 0 0 0 0 0 0
-7.68 0 0 0 0 0 0 0 0
-7.67 0 0 0 0 0 0 0 0
-7.66 0 0 0 0 0 0 0 0
-7.65 0 0 0 0 0 0 0 0
-7.64 0 0 0 0 0 0 0 0
-7.63 0 0 0 0 0 0 0 0
-7.62 0 0 0 0 0 0 0 0
-7.61 0 0 0 0 0 0 0 0
-7.6 0 0 0 0 0 0 0 0
-7.59 0 0 0 0 0 0 0 0
-7.58 0 0 0 0 0 0 0 0
-7.57 0 0 0 0 0 0 0 0
-7.56 0 0 0 0 0 0 0 0
-7.55 0 0 0 0 0 0 0 0
-7.54 0 0 0 0 0 0 0 0
-7.53 0 0 0 0 0 0 0 0
-7.52 0 0 0 0 0 0 0 0
-7.51 0 0 0 0 0 0 0 0
-7.5 0 0 0 0 0 0 0 0
-7.49 0 0 0 0 0 0 0 0
-7.48 0 0 0 0 0 0 0 0
-7.47 0 0 0 0 0 0 0 0
-7.46 0 0 0 0 0 0 0 0
-7.45 0 0 0 0 0 0 0 0
-7.44 0 0 0 0 0 0 0 0
-7.43 0 0 0 0 0 0 0 0
-7.42 0 0 0 0 0 0 0 0
-7.41 0 0 0 0 0 0 0 0
-7.4 0 0 0 0 0 0 0 0
-7.39 0 0 0 0 0 0 0 0
-7.38 0 0 0 0 0 0 0 0
-7.37 0 0 0 0 0 0 0 0
-7.36 0 0 0 0 0 0 0 0
-7.35 0 0 0 0 0 0 0 0
-7.34 0 0 0 0 0 0 0 0
-7.33 0 0 0 0 0 0 0 0
-7.32 0 0 0 0 0 0 0 0
-7.31 0 0 0 0 0 0 0 0
-7.3 0 0 0 0 0 0 0 0
-7.29 0 0 0 0 0 0 0 0
-7.28 0 0 0 0 0 0 0 0
-7.27 0 0 0 0 0 0 0 0
-7.26 0 0 0 0 0 0 0 0
-7.25 0 0 0 0 0 0 0 0
-7.24 0 0 0 0 0 0 0 0
-7.23 0 0 0 0 0 0 0 0
-7.22 0 0 0 0 0 0 0 0
-7.21 0 0 0 0 0 0 0 0
-7.2 0 0 0 0 0 0 0 0
-7.19 0 0 0 0 0 0 0 0
-7.18 0 0 0 0 0 0 0 0
-7.17 0 0 0 0 0 0 0 0
-7.16 0 0 0 0 0 0 0 0
-7.15 0 0 0 0 0 0 0 0
-7.14 0 0 0 0 0 0 0 0
-7.13 0 0 0 0 0 0 0 0
-7.12 0 0 0 0 0 0 0 0
-7.11 0 0 0 0 0 0 0 0
-7.1 0 0 0 0 0 0 0 0
-7.09 0 0 0 0 0 0 0 0
-7.08 0 0 0 0 0 0 0 0
-7.07 0 0 0 0 0 0 0 0
-7.06 0 0 0 0 0 0 0 0
-7.05 0 0 0 0 0 0 0 0
-7.04 0 0 0 0 0 0 0 0
-7.03 0 0 0 0 0 0 0 0
-7.02 0 0 0 0 0 0 0 0
-7.01 0 0 0 0 0 0 0 0
-7 0 0 0 0 0 0 0 0
-6.99 0 0 0 0 0 0 0 0
-6.98 0 0 0 0 0 0 0 0
-6.97 0 0 0 0 0 0 0 0
-6.96 0 0 0 0 0 0 0 0
-6.95 0 0 0 0 0 0 0 0
-6.94 0 0 0 0 0 0 0 0
-6.93 0 0 0 0 0 0 0 0
-6.92 0 0 0 0 0 0 0 0
-6.91 0 0 0 0 0 0 0 0
-6.9 0 0 0 0 0 0 0 0
-6.89 0 0 0 0 0 0 0 0
-6.88 0 0 0 0 0 0 0 0
-6.87 0 0 0 0 0 0 0 0
-6.86 0 0 0 0 0 0 0 0
-6.85 0 0 0 0 0 0 0 0
-6.84 0 0 0 0 0 0 0 0
-6.83 0 0 0 0 0 0 0 0
-6.82 0 0 0 0 0 0 0 0
-6.81 0 0 0 0 0 0 0 0
-6.8 0 0 0 0 0 0 0 0
-6.79 0 0 0 0 0 0 0 0
-6.78 0 0 0 0 0 0 0 0
-6.77 0 0 0 0 0 0 0 0
-6.76 0 0 0 0 0 0 0 0
-6.75 0 0 0 0 0 0 0 0
-6.74 0 0 0 0 0 0 0 0
-6.73 0 0 0 0 0 0 0 0
-6.72 0 0 0 0 0 0 0 0
-6.71 0 0 0 0 0 0 0 0
-6.7 0 0 0 0 0 0 0 0
-6.69 0 0 0 0 0 0 0 0
-6.68 0 0 0 0 0 0 0 0
-6.67 0 0 0 0 0 0 0 0
-6.66 0 0 0 0 0 0 0 0
-6.65 0 0 0 0 0 0 0 0
-6.64 0 0 0 0 0 0 0 0
-6.63 0 0 0 0 0 0 0 0
-6.62 0 0 0 0 0 0 0 0
-6.61 0 0 0 0 0 0 0 0
-6.6 0 0 0 0 0 0 0 0
-6.59 0 0 0 0 0 0 0 0
-6.58 0 0 0 0 0 0 0 0
-6.57 0 0 0 0 0 0 0 0
-6.56 0 0 0 0 0 0 0 0
-6.55 0 0 0 0 0 0 0 0
-6.54 0 0 0 0 0 0 0 0
-6.53 0 0 0 0 0 0 0 0
-6.52 0 0 0 0 0 0 0 0
-6.51 0 0 0 0 0 0 0 0
-6.5 0 0 0 0 0 0 0 0
-6.49 0 0 0 0 0 0 0 0
-6.48 0 0 0 0 0 0 0 0
-6.47 0 0 0 0 0 0 0 0
-6.46 0 0 0 0 0 0 0 0
-6.45 0 0 0 0 0 0 0 0
-6.44 0 0 0 0 0 0 0 0
-6.43 0 0 0 0 0 0 0 0
-6.42 0 0 0 0 0 0 0 0
-6.41 0 0 0 0 0 0 0 0
-6.4 0 0 0 0 0 0 0 0
-6.39 0 0 0 0 0 0 0 0
-6.38 0 0 0 0 0 0 0 0
-6.37 0 0 0 0 0 0 0 0
-6.36 0 0 0 0 0 0 0 0
-6.35 0 0 0 0 0 0 0 0
-6.34 0 0 0 0 0 0 0 0
-6.33 0 0 0 0 0 0 0 0
-6.32 0 0 0 0 0 0 0 0
-6.31 0 0 0 0 0 0 0 0
-6.3 0 0 0 0 0 0 0 0
-6.29 0 0 0 0 0 0 0 0
-6.28 0 0 0 0 0 0 0 0
-6.27 0 0 0 0 0 0 0 0
-6.26 0 0 0 0 0 0 0 0
-6.25 0 0 0 0 0 0 0 0
-6.24 0 0 0 0 0 0 0 0
-6.23 0 0 0 0 0 0 0 0
-6.22 0 0 0 0 0 0 0 0
-6.21 0 0 0 0 0 0 0 0
-6.2 0 0 0 0 0 0 0 0
-6.19 0 0 0 0 0 0 0 0
-6.18 0 0 0 0 0 0 0 0
-6.17 0 0 0 0 0 0 0 0
-6.16 0 0 0 0 0 0 0 0
-6.15 0 0 0 0 0 0 0 0
-6.14 0 0 0 0 0 0 0 0
-6.13 0 0 0 0 0 0 0 0
-6.12 0 0 0 0 0 0 0 0
-6.11 0 0 0 0 0 0 0 0
-6.1 0 0 0 0 0 0 0 0
-6.09 0 0 0 0 0 0 0 0
-6.08 0 0 0 0 0 0 0 0
-6.07 0 0 0 0 0 0 0 0
-6.06 0 0 0 0 0 0 0 0
-6.05 0 0 0 0 0 0 0 0
-6.04 0 0 0 0 0 0 0 0
-6.03 0 0 0 0 0 0 0 0
-6.02 0 0 0 0 0 0 0 0
-6.01 0 0 0 0 0 0 0 0
-6 0 0 0 0 0 0 0 0
-5.99 0 0 0 0 0 0 0 0
-5.98 0 0 0 0 0 0 0 0
-5.97 0 0 0 0 0 0 0 0
-5.96 0 0 0 0 0 0 0 0
-5.95 0 0 0 0 0 0 0 0
-5.94 0 0 0 0 0 0 0 0
-5.93 0 0 0 0 0 0 0 0
-5.92 0 0 0 0 0 0 0 0
-5.91 0 0 0 0 0 0 0 0
-5.9 0 0 0 0 0 0 0 0
-5.89 0 0 0 0 0 0 0 0
-5.88 0 0 0 0 0 0 0 0
-5.87 0 0 0 0 0 0 0 0
-5.86 0 0 0 0 0 0 0 0
-5.85 0 0 0 0 0 0 0 0
-5.84 0 0 0 0 0 0 0 0
-5.83 0 0 0 0 0 0 0 0
-5.82 0 0 0 0 0 0 0 0
-5.81 0 0 0 0 0 0 0 0
-5.8 0 0 0 0 0 0 0 0
-5.79 0 0 0 0 0 0 0 0
-5.78 0 0 0 0 0 0 0 0
-5.77 0 0 0 0 0 0 0 0
-5.76 0 0 0 0 0 0 0 0
-5.75 0 0 0 0 0 0 0 0
-5.74 0 0 0 0 0 0 0 0
-5.73 0 0 0 0 0 0 0 0
-5.72 0 0 0 0 0 0 0 0
-5.71 0 0 0 0 0 0 0 0
-5.7 0 0 0 0 0 0 0 0
-5.69 0 0 0 0 0 0 0 0
-5.68 0 0 0 0 0 0 0 0
-5.67 0 0 0 0 0 0 0 0
-5.66 0 0 0 0 0 0 0 0
-5.65 0 0 0 0 0 0 0 0
-5.64 0 0 0 0 0 0 0 0
-5.63 0 0 0 0 0 0 0 0
-5.62 0 0 0 0 0 0 0 0
-5.61 0 0 0 0 0 0 0 0
-5.6 0 0 0 0 0 0 0 0
-5.59 0 0 0 0 0 0 0 0
-5.58 0 0 0 0 0 0 0 0
-5.57 0 0 0 0 0 0 0 0
-5.56 0 0 0 0 0 0 0 0
-5.55 0 0 0 0 0 0 0 0
-5.54 0 0 0 0 0 0 0 0
-5.53 0 0 0 0 0 0 0 0
-5.52 0 0 0 0 0 0 0 0
-5.51 0 0 0 0 0 0 0 0
-5.5 0 0 0 0 0 0 0 0
-5.49 0 0 0 0 0 0 0 0
-5.48 0 0 0 0 0 0 0 0
-5.47 0 0 0 0 0 0 0 0
-5.46 0 0 0 0 0 0 0 0
-5.45 0 0 0 0 0 0 0 0
-5.44 0 0 0 0 0 0 0 0
-5.43 0 0 0 0 0 0 0 0
-5.42 0 0 0 0 0 0 0 0
-5.41 0 0 0 0 0 0 0 0
-5.4 0 0 0 0 0 0 0 0
-5.39 0 0 0 0 0 0 0 0
-5.38 0 0 0 0 0 0 0 0
-5.37 0 0 0 0 0 0 0 0
-5.36 0 0 0 0 0 0 0 0
-5.35 0 0 0 0 0 0 0 0
-5.34 0 0 0 0 0 0 0 0
-5.33 0 0 0 0 0 0 0 0
-5.32 0 0 0 0 0 0 0 0
-5.31 0 0 0 0 0 0 0 0
-5.3 0 0 0 0 0 0 0 0
-5.29 0 0 0 0 0 0 0 0
-5.28 0 0 0 0 0 0 0 0
-5.27 0 0 0 0 0 0 0 0
-5.26 0 0 0 0 0 0 0 0
-5.25 0 0 0 0 0 0 0 0
-5.24 0 0 0 0 0 0 0 0
-5.23 0 0 0 0 0 0 0 0
-5.22 0 0 0 0 0 0 0 0
-5.21 0 0 0 0 0 0 0 0
-5.2 0 0 0 0 0 0 0 0
-5.19 0 0 0 0 0 0 0 0
-5.18 0 0 0 0 0 0 0 0
-5.17 0 0 0 0 0 0 0 0
-5.16 0 0 0 0 0 0 0 0
-5.15 0 0 0 0 0 0 0 0
-5.14 0 0 0 0 0 0 0 0
-5.13 0 0 0 0 0 0 0 0
-5.12 0 0 0 0 0 0 0 0
-5.11 0 0 0 0 0 0 0 0
-5.1 0 0 0 0 0 0 0 0
-5.09 0 0 0 0 0 0 0 0
-5.08 0 0 0 0 0 0 0 0
-5.07 0 0 0 0 0 0 0 0
-5.06 0 0 0 0 0 0 0 0
-5.05 0 0 0 0 0 0 0 0
-5.04 0 0 0 0 0 0 0 0
-5.03 0 0 0 0 0 0 0 0
-5.02 0 0 0 0 0 0 0 0
-5.01 0 0 0 0 0 0 0 0
-5 0 0 0 0 0 0 0 0
-4.99 0 0 0 0 0 0 0 0
-4.98 0 0 0 0 0 0 0 0
-4.97 0 0 0 0 0 0 0 0
-4.96 0 0 0 0 0 0 0 0
-4.95 0 0 0 0 0 0 0 0
-4.94 0 0 0 0 0 0 0 0
-4.93 0 0 0 0 0 0 0 0
-4.92 0 0 0 0 0 0 0 0
-4.91 0 0 0 0 0 0 0 0
-4.9 0 0 0 0 0 0 0 0
-4.89 0 0 0 0 0 0 0 0
-4.88 0 0 0 0 0 0 0 0
-4.87 0 0 0 0 0 0 0 0
-4.86 0 0 0 0 0 0 0 0
-4.85 0 0 0 0 0 0 0 0
-4.84 0 0 0 0 0 0 0 0
-4.83 0 0 0 0 0 0 0 0
-4.82 0 0 0 0 0 0 0 0
-4.81 0 0 0 0 0 0 0 0
-4.8 0 0 0 0 0 0 0 0
-4.79 0 0 0 0 0 0 0 0
-4.78 0 0 0 0 0 0 0 0
-4.77 0 0 0 0 0 0 0 0
-4.76 0 0 0 0 0 0 0 0
-4.75 0 0 0 0 0 0 0 0
-4.74 0 0 0 0 0 0 0 0
-4.73 0 0 0 0 0 0 0 0
-4.72 0 0 0 0 0 0 0 0
-4.71 0 0 0 0 0 0 0 0
-4.7 0 0 0 0 0 0 0 0
-4.69 0 0 0 0 0 0 0 0
-4.68 0 0 0 0 0 0 0 0
-4.67 0 0 0 0 0 0 0 0
-4.66 0 0 0 0 0 0 0 0
-4.65 0 0 0 0 0 0 0 0
-4.64 0 0 0 0 0 0 0 0
-4.63 0 0 0 0 0 0 0 0
-4.62 0 0 0 0 0 0 0 0
-4.61 0 0 0 0 0 0 0 0
-4.6 0 0 0 0 0 0 0 0
-4.59 0 0 0 0 0 0 0 0
-4.58 0 0 0 0 0 0 0 0
-4.57 0 0 0 0 0 0 0 0
-4.56 0 0 0 0 0 0 0 0
-4.55 0 0 0 0 0 0 0 0
-4.54 0 0 0 0 0 0 0 0
-4.53 0 0 0 0 0 0 0 0
-4.52 0 0 0 0 0 0 0 0
-4.51 0 0 0 0 0 0 0 0
-4.5 0 0 0 0 0 0 0 0
-4.49 0 0 0 0 0 0 0 0
-4.48 0 0 0 0 0 0 0 0
-4.47 0 0 0 0 0 0 0 0
-4.46 0 0 0 0 0 0 0 0
-4.45 0 0 0 0 0 0 0 0
-4.44 0 0 0 0 0 0 0 0
-4.43 0 0 0 0 0 0 0 0
-4.42 0 0 0 0 0 0 0 0
-4.41 0 0 0 0 0 0 0 0
-4.4 0 0 0 0 0 0 0 0
-4.39 0 0 0 0 0 0 0 0
-4.38 0 0 0 0 0 0 0 0
-4.37 0 0 0 0 0 0 0 0
-4.36 0 0 0 0 0 0 0 0
-4.35 0 0 0 0 0 0 0 0
-4.34 0 0 0 0 0 0 0 0
-4.33 0 0 0 0 0 0 0 0
-4.32 0 0 0 0 0 0 0 0
-4.31 0 0 0 0 0 0 0 0
-4.3 0 0 0 0 0 0 0 0
-4.29 0 0 0 0 0 0 0 0
-4.28 0 0 0 0 0 0 0 0
-4.27 0 0 0 0 0 0 0 0
-4.26 0 0 0 0 0 0 0 0
-4.25 0 0 0 0 0 0 0 0
-4.24 0 0 0 0 0 0 0 0
-4.23 0 0 0 0 0 0 0 0
-4.22 0 0 0 0 0 0 0 0
-4.21 0 0 0 0 0 0 0 0
-4.2 0 0 0 0 0 0 0 0
-4.19 0 0 0 0 0 0 0 0
-4.18 0 0 0 0 0 0 0 0
-4.17 0 0 0 0 0 0 0 0
-4.16 0 0 0 0 0 0 0 0
-4.15 0 0 0 0 0 0 0 0
-4.14 0 0 0 0 0 0 0 0
-4.13 0 0 0 0 0 0 0 0
-4.12 0 0 0 0 0 0 0 0
-4.11 0 0 0 0 0 0 0 0
-4.1 0 0 0 0 0 0 0 0
-4.09 0 0 0 0 0 0 0 0
-4.08 0 0 0 0 0 0 0 0
-4.07 0 0 0 0 0 0 0 0
-4.06 0 0 0 0 0 0 0 0
-4.05 0 0 0 0 0 0 0 0
-4.04 0 0 0 0 0 0 0 0
-4.03 0 0 0 0 0 0 0 0
-4.02 0 0 0 0 0 0 0 0
-4.01 0 0 0 0 0 0 0 0
-4 0 0 0 0 0 0 0 0
-3.99 0 0 0 0 0 0 0 0
-3.98 0 0 0 0 0 0 0 0
-3.97 0 0 0 0 0 0 0 0
-3.96 0 0 0 0 0 0 0 0
-3.95 0 0 0 0 0 0 0 0
-3.94 0 0 0 0 0 0 0 0
-3.93 0 0 0 0 0 0 0 0
-3.92 0 0 0 0 0 0 0 0
-3.91 0 0 0 0 0 0 0 0
-3.9 0 0 0 0 0 0 0 0
-3.89 0 0 0 0 0 0 0 0
-3.88 0 0 0 0 0 0 0 0
-3.87 0 0 0 0 0 0 0 0
-3.86 0 0 0 0 0 0 0 0
-3.85 0 0 0 0 0 0 0 0
-3.84 0 0 0 0 0 0 0 0
-3.83 0 0 0 0 0 0 0 0
-3.82 0 0 0 0 0 0 0 0
-3.81 0 0 0 0 0 0 0 0
-3.8 0 0 0 0 0 0 0 0
-3.79 0 0 0 0 0 0 0 0
-3.78 0 0 0 0 0 0 0 0
-3.77 0 0 0 0 0 0 0 0
-3.76 0 0 0 0 0 0 0 0
-3.75 0 0 0 0 0 0 0 0
-3.74 0 0 0 0 0 0 0 0
-3.73 0 0 0 0 0 0 0 0
-3.72 0 0 0 0 0 0 0 0
-3.71 0 0 0 0 0 0 0 0
-3.7 0 0 0 0 0 0 0 0
-3.69 0 0 0 0 0 0 0 0
-3.68 0 0 0 0 0 0 0 0
-3.67 0 0 0 0 0 0 0 0
-3.66 0 0 0 0 0 0 0 0
-3.65 0 0 0 0 0 0 0 0
-3.64 0 0 0 0 0 0 0 0
-3.63 0 0 0 0 0 0 0 0
-3.62 0 0 0 0 0 0 0 0
-3.61 0 0 0 0 0 0 0 0
-3.6 0 0 0 0 0 0 0 0
-3.59 0 0 0 0 0 0 0 0
-3.58 0 0 0 0 0 0 0 0
-3.57 0 0 0 0 0 0 0 0
-3.56 0 0 0 0 0 0 0 0
-3.55 0 0 0 0 0 0 0 0
-3.54 0 0 0 0 0 0 0 0
-3.53 0 0 0 0 0 0 0 0
-3.52 0 0 0 0 0 0 0 0
-3.51 0 0 0 0 0 0 0 0
-3.5 0 0 0 0 0 0 0 0
-3.49 0 0 0 0 0 0 0 0
-3.48 0 0 0 0 0 0 0 0
-3.47 0 0 0 0 0 0 0 0
-3.46 0 0 0 0 0 0 0 0
-3.45 0 0 0 0 0 0 0 0
-3.44 0 0 0 0 0 0 0 0
-3.43 0 0 0 0 0 0 0 0
-3.42 0 0 0 0 0 0 0 0
-3.41 0 0 0 0 0 0 0 0
-3.4 0 0 0 0 0 0 0 0
-3.39 0 0 0 0 0 0 0 0
-3.38 0 0 0 0 0 0 0 0
-3.37 0 0 0 0 0 0 0 0
-3.36 0 0 0 0 0 0 0 0
-3.35 0 0 0 0 0 0 0 0
-3.34 0 0 0 0 0 0 0 0
-3.33 0 0 0 0 0 0 0 0
-3.32 0 0 0 0 0 0 0 0
-3.31 0 0 0 0 0 0 0 0
-3.3 0 0 0 0 0 0 0 0
-3.29 0 0 0 0 0 0 0 0
-3.28 0 0 0 0 0 0 0 0
-3.27 0 0 0 0 0 0 0 0
-3.26 0 0 0 0 0 0 0 0
-3.25 0 0 0 0 0 0 0 0
-3.24 0 0 0 0 0 0 0 0
-3.23 0 0 0 0 0 0 0 0
-3.22 0 0 0 0 0 0 0 0
-3.21 0 0 0 0 0 0 0 0
-3.2 0 0 0 0 0 0 0 0
-3.19 0 0 0 0 0 0 0 0
-3.18 0 0 0 0 0 0 0 0
-3.17 0 0 0 0 0 0 0 0
-3.16 0 0 0 0 0 0 0 0
-3.15 0 0 0 0 0 0 0 0
-3.14 0 0 0 0 0 0 0 0
-3.13 0 0 0 0 0 0 0 0
-3.12 0 0 0 0 0 0 0 0
-3.11 0 0 0 0 0 0 0 0
-3.1 0 0 0 0 0 0 0 0
-3.09 0 0 0 0 0 0 0 0
-3.08 0 0 0 0 0 0 0 0
-3.07 0 0 0 0 0 0 0 0
-3.06 0 0 0 0 0 0 0 0
-3.05 0 0 0 0 0 0 0 0
-3.04 0 0 0 0 0 0 0 0
-3.03 0 0 0 0 0 0 0 0
-3.02 0 0 0 0 0 0 0 0
-3.01 0 0 0 0 0 0 0 0
-3 0 0 0 0 0 0 0 0
-2.99 0 0 0 0 0 0 0 0
-2.98 0 0 0 0 0 0 0 0
-2.97 0 0 0 0 0 0 0 0
-2.96 0 0 0 0 0 0 0 0
-2.95 0 0 0 0 0 0 0 0
-2.94 0 0 0 0 0 0 0 0
-2.93 0 0 0 0 0 0 0 0
-2.92 0 0 0 0 0 0 0 0
-2.91 0 0 0 0 0 0 0 0
-2.9 0 0 0 0 0 0 0 0
-2.89 0 0 0 0 0 0 0 0
-2.88 0 0 0 0 0 0 0 0
-2.87 0 0 0 0 0 0 0 0
-2.86 0 0 0 0 0 0 0 0
-2.85 0 0 0 0 0 0 0 0
-2.84 0 0 0 0 0 0 0 0
-2.83 0 0 0 0 0 0 0 0
-2.82 0 0 0 0 0 0 0 0
-2.81 0 0 0 0 0 0 0 0
-2.8 0 0 0 0 0 0 0 0
-2.79 0 0 0 0 0 0 0 0
-2.78 0 0 0 0 0 0 0 0
-2.77 0 0 0 0 0 0 0 0
-2.76 0 0 0 0 0 0 0 0
-2.75 0 0 0 0 0 0 0 0
-2.74 0 0 0 0 0 0 0 0
-2.73 0 0 0 0 0 0 0 0
-2.72 0 0 0 0 0 0 0 0
-2.71 0 0 0 0 0 0 0 0
-2.7 0 0 0 0 0 0 0 0
-2.69 0 0 0 0 0 0 0 0
-2.68 0 0 0 0 0 0 0 0
-2.67 0 0 0 0 0 0 0 0
-2.66 0 0 0 0 0 0 0 0
-2.65 0 0 0 0 0 0 0 0
-2.64 0 0 0 0 0 0 0 0
-2.63 0 0 0 0 0 0 0 0
-2.62 0 0 0 0 0 0 0 0
-2.61 0 0 0 0 0 0 0 0
-2.6 0 0 0 0 0 0 0 0
-2.59 0 0 0 0 0 0 0 0
-2.58 0 0 0 0 0 0 0 0
-2.57 0 0 0 0 0 0 0 0
-2.56 0 0 0 0 0 0 0 0
-2.55 0 0 0 0 0 0 0 0
-2.54 0 0 0 0 0 0 0 0
-2.53 0 0 0 0 0 0 0 0
-2.52 0 0 0 0 0 0 0 0
-2.51 0 0 0 0 0 0 0 0
-2.5 0 0 0 0 0 0 0 0
-2.49 0 0 0 0 0 0 0 0
-2.48 0 0 0 0 0 0 0 0
-2.47 0 0 0 0 0 0 0 0
-2.46 0 0 0 0 0 0 0 0
-2.45 0 0 0 0 0 0 0 0
-2.44 0 0 0 0 0 0 0 0
-2.43 0 0 0 0 0 0 0 0
-2.42 0 0 0 0 0 0 0 0
-2.41 0 0 0 0 0 0 0 0
-2.4 0 0 0 0 0 0 0 0
-2.39 0 0 0 0 0 0 0 0
-2.38 0 0 0 0 0 0 0 0
-2.37 0 0 0 0 0 0 0 0
-2.36 0 0 0 0 0 0 0 0
-2.35 0 0 0 0 0 0 0 0
-2.34 0 0 0 0 0 0 0 0
-2.33 0 0 0 0 0 0 0 0
-2.32 0 0 0 0 0 0 0 0
-2.31 0 0 0 0 0 0 0 0
-2.3 0 0 0 0 0 0 0 0
-2.29 0 0 0 0 0 0 0 0
-2.28 0 0 0 0 0 0 0 0
-2.27 0 0 0 0 0 0 0 0
-2.26 0 0 0 0 0 0 0 0
-2.25 0 0 0 0 0 0 0 0
-2.24 0 0 0 0 0 0 0 0
-2.23 0 0 0 0 0 0 0 0
-2.22 0 0 0 0 0 0 0 0
-2.21 0 0 0 0 0 0 0 0
-2.2 0 0 0 0 0 0 0 0
-2.19 0 0 0 0 0 0 0 0
-2.18 0 0 0 0 0 0 0 0
-2.17 0 0 0 0 0 0 0 0
-2.16 0 0 0 0 0 0 0 0
-2.15 0 0 0 0 0 0 0 0
-2.14 0 0 0 0 0 0 0 0
-2.13 0 0 0 0 0 0 0 0
-2.12 0 0 0 0 0 0 0 0
-2.11 0 0 0 0 0 0 0 0
-2.1 0 0 0 0 0 0 0 0
-2.09 0 0 0 0 0 0 0 0
-2.08 0 0 0 0 0 0 0 0
-2.07 0 0 0 0 0 0 0 0
-2.06 0 0 0 0 0 0 0 0
-2.05 0 0 0 0 0 0 0 0
-2.04 0 0 0 0 0 0 0 0
-2.03 0 0 0 0 0 0 0 0
-2.02 0 0 0 0 0 0 0 0
-2.01 0 0 0 0 0 0 0 0
-2 0.011645 0.01262 0.01228 0.01147 0.011705 0.012035 0.01259 0.01153
-1.99 0.02355 0.02496 0.02371 0.02333 0.02354 0.02342 0.024205 0.023505
-1.98 0.031975 0.03369 0.03269 0.03108 0.031935 0.03078 0.031955 0.0322
-1.97 0.040035 0.040155 0.038685 0.038845 0.03969 0.039405 0.039495 0.04026
-1.96 0.046165 0.046695 0.04629 0.045275 0.046285 0.045355 0.04527 0.046785
-1.95 0.053365 0.05215 0.052255 0.0502 0.051825 0.05131 0.051575 0.05183
-1.94 0.058005 0.057655 0.057175 0.05568 0.0579 0.05691 0.056485 0.05939
-1.93 0.063895 0.063565 0.0621 0.061315 0.06268 0.06264 0.061615 0.064725
-1.92 0.06833 0.068825 0.068025 0.0666 0.0674 0.066095 0.06657 0.07155
-1.91 0.07243 0.073045 0.07204 0.070555 0.07337 0.07155 0.07351 0.075965
-1.9 0.07698 0.076815 0.076275 0.074655 0.076205 0.07526 0.07667 0.080745
-1.89 0.081475 0.08234 0.08133 0.07914 0.082535 0.08169 0.08116 0.08432
-1.88 0.086435 0.08621 0.084655 0.08331 0.086305 0.085295 0.08599 0.089725
-1.87 0.090305 0.08932 0.089065 0.086135 0.08956 0.08889 0.08865 0.09387
-1.86 0.09401 0.09318 0.092665 0.090355 0.09404 0.09196 0.0944 0.098155
-1.85 0.097535 0.09727 0.096645 0.094185 0.098375 0.097175 0.096825 0.10145
-1.84 0.099645 0.100775 0.101325 0.098385 0.103035 0.100845 0.101665 0.10598
-1.83 0.10602 0.10417 0.10424 0.10218 0.104535 0.103785 0.104445 0.10848
-1.82 0.108455 0.109235 0.10718 0.105475 0.108515 0.108905 0.109625 0.111645
-1.81 0.110345 0.111325 0.11007 0.10718 0.112795 0.11136 0.111365 0.11526
-1.8 0.115515 0.114725 0.11364 0.11359 0.11474 0.115605 0.11574 0.12023
-1.79 0.116745 0.11775 0.115835 0.115645 0.11836 0.11813 0.11882 0.12509
-1.78 0.120775 0.12037 0.119755 0.119655 0.122615 0.12189 0.122555 0.127565
-1.77 0.125145 0.122785 0.121895 0.119645 0.124775 0.12492 0.124985 0.13014
-1.76 0.12683 0.1267 0.12559 0.124505 0.12742 0.12845 0.12654 0.13418
-1.75 0.12968 0.129085 0.126795 0.12853 0.131725 0.129435 0.13132 0.13586
-1.74 0.13301 0.133755 0.131415 0.12991 0.132155 0.13492 0.13445 0.14107
-1.73 0.13432 0.135195 0.13501 0.133765 0.136215 0.137325 0.13679 0.14307
-1.72 0.13683 0.1381 0.137105 0.135815 0.139235 0.138535 0.13848 0.147285
-1.71 0.13991 0.141225 0.139305 0.1386 0.14266 0.142975 0.14176 0.148845
-1.7 0.143575 0.143015 0.143465 0.141365 0.14592 0.147 0.146055 0.15152
-1.69 0.14474 0.146345 0.14382 0.145355 0.147705 0.149725 0.146915 0.15428
-1.68 0.149105 0.14889 0.148025 0.14743 0.150325 0.15089 0.1499 0.156345
-1.67 0.15067 0.15318 0.14992 0.14997 0.152965 0.153605 0.15217 0.15981
-1.66 0.153585 0.15542 0.15091 0.152015 0.15509 0.15506 0.15397 0.162595
-1.65 0.15725 0.155745 0.154495 0.154995 0.156615 0.158895 0.15736 0.16421
-1.64 0.158575 0.159655 0.1564 0.15861 0.159965 0.16066 0.159035 0.16908
-1.63 0.16032 0.164775 0.159515 0.160655 0.162035 0.16154 0.161675 0.170275
-1.62 0.163665 0.164865 0.161065 0.161515 0.165895 0.16599 0.16309 0.173365
-1.61 0.163675 0.16725 0.16636 0.164845 0.166575 0.166935 0.166115 0.175715
-1.6 0.168625 0.16842 0.166875 0.16736 0.16867 0.169205 0.16833 0.17613
-1.59 0.17022 0.1719 0.17022 0.170205 0.1716 0.171435 0.172525 0.17998
-1.58 0.17082 0.17474 0.172025 0.1733 0.172725 0.174645 0.173215 0.181795
-1.57 0.17333 0.176905 0.174695 0.17504 0.17503 0.177675 0.174665 0.183675
-1.56 0.175215 0.178905 0.175125 0.175795 0.178425 0.17831 0.176605 0.18482
-1.55 0.17967 0.18145 0.17621 0.179295 0.17791 0.182085 0.17827 0.18915
-1.54 0.18121 0.183405 0.18006 0.18177 0.18148 0.1847 0.181155 0.192135
-1.53 0.182725 0.185475 0.18068 0.18342 0.18461 0.186035 0.182085 0.191805
-1.52 0.186535 0.188195 0.18565 0.187475 0.185285 0.190125 0.184685 0.19477
-1.51 0.186045 0.19002 0.186205 0.18926 0.187945 0.18934 0.186885 0.1972
-1.5 0.19017 0.191755 0.189475 0.191815 0.19097 0.192705 0.18998 0.201615
-1.49 0.19348 0.19367 0.1901 0.195645 0.193505 0.19493 0.19161 0.202085
-1.48 0.19394 0.19504 0.19486 0.196335 0.19456 0.19534 0.19385 0.204475
-1.47 0.19647 0.197465 0.19529 0.19683 0.19815 0.200025 0.194585 0.20619
-1.46 0.197645 0.199385 0.196205 0.200105 0.200635 0.200515 0.199145 0.207435
-1.45 0.19993 0.201375 0.197185 0.203135 0.20129 0.200925 0.19916 0.210645
-1.44 0.20188 0.202585 0.200505 0.206115 0.203375 0.2028 0.202695 0.211355
-1.43 0.20383 0.20292 0.20222 0.20582 0.207005 0.206355 0.204515 0.21534
-1.42 0.205575 0.20671 0.20324 0.21039 0.209085 0.210775 0.205005 0.216245
-1.41 0.20629 0.20893 0.20687 0.21213 0.21153 0.21155 0.20659 0.217595
-1.4 0.210085 0.2121 0.20674 0.211025 0.212035 0.21418 0.20797 0.22217
-1.39 0.21059 0.214115 0.21028 0.213375 0.214735 0.216085 0.21146 0.22279
-1.38 0.21191 0.213505 0.210675 0.216425 0.218455 0.21924 0.21268 0.22247
-1.37 0.214635 0.21581 0.214515 0.218115 0.21821 0.219045 0.213975 0.225275
-1.36 0.215625 0.218395 0.214305 0.220475 0.21946 0.22033 0.21345 0.228205
-1.35 0.219115 0.22081 0.21713 0.22016 0.22251 0.222075 0.21805 0.230295
-1.34 0.22186 0.22101 0.219325 0.22264 0.224275 0.22512 0.221465 0.231185
-1.33 0.222195 0.226035 0.218685 0.224065 0.226595 0.227605 0.219565 0.233535
-1.32 0.225255 0.22756 0.224095 0.225365 0.229345 0.22956 0.22304 0.233715
-1.31 0.225785 0.22672 0.224965 0.227955 0.23175 0.231175 0.223135 0.233305
-1.3 0.22652 0.229915 0.225965 0.231275 0.23236 0.232165 0.225755 0.236605
-1.29 0.22932 0.232125 0.22622 0.233145 0.23465 0.235275 0.22774 0.24115
-1.28 0.22998 0.232045 0.2292 0.23306 0.23424 0.2337 0.230725 0.242175
-1.27 0.23165 0.23509 0.23128 0.236065 0.236045 0.238265 0.2323 0.24243
-1.26 0.232585 0.235735 0.23253 0.237675 0.23875 0.240075 0.235375 0.243145
-1.25 0.235595 0.238495 0.23381 0.23742 0.240565 0.2417 0.234845 0.246575
-1.24 0.23569 0.239135 0.234825 0.23932 0.24123 0.24457 0.238905 0.24775
-1.23 0.237105 0.241385 0.237065 0.24207 0.24399 0.24501 0.240435 0.24961
-1.22 0.239265 0.241575 0.238935 0.245005 0.244085 0.24723 0.24169 0.249625
-1.21 0.24323 0.243405 0.24099 0.246825 0.24618 0.24708 0.243605 0.252015
-1.2 0.2443 0.24633 0.24432 0.24873 0.249085 0.249585 0.243755 0.25464
-1.19 0.24407 0.246605 0.244815 0.249265 0.24986 0.251035 0.246775 0.254575
-1.18 0.24526 0.24714 0.246465 0.25063 0.25035 0.251665 0.248215 0.258995
-1.17 0.24606 0.248335 0.246405 0.252015 0.253095 0.25415 0.2513 0.260725
-1.16 0.248715 0.251955 0.24762 0.254725 0.25424 0.254915 0.25094 0.2594
-1.15 0.247455 0.254035 0.249395 0.25656 0.254315 0.257315 0.2526 0.26193
-1.14 0.25155 0.25521 0.250595 0.259025 0.259705 0.258745 0.25267 0.262275
-1.13 0.25328 0.254615 0.2546 0.260645 0.25788 0.25794 0.25674 0.262515
-1.12 0.25249 0.25835 0.25181 0.261395 0.25888 0.260125 0.25707 0.2627
-1.11 0.256665 0.25888 0.25768 0.2606 0.262425 0.26006 0.25899 0.26707
-1.1 0.257185 0.26051 0.259225 0.26341 0.263365 0.264035 0.260155 0.2648
-1.09 0.257755 0.261345 0.25761 0.266505 0.26371 0.26544 0.25974 0.26845
-1.08 0.258095 0.265505 0.259435 0.26653 0.26703 0.26541 0.26183 0.269065
-1.07 0.26209 0.26408 0.26131 0.270185 0.269965 0.268175 0.263335 0.270835
-1.06 0.26299 0.267695 0.263265 0.270205 0.27192 0.26887 0.263635 0.2715
-1.05 0.26407 0.268825 0.26398 0.272405 0.27201 0.270225 0.26576 0.272215
-1.04 0.264805 0.269925 0.2652 0.275175 0.272655 0.269245 0.26674 0.27538
-1.03 0.26635 0.270295 0.2651 0.272955 0.2735 0.27219 0.267935 0.27594
-1.02 0.26832 0.27098 0.269265 0.275565 0.277005 0.27402 0.268965 0.278105
-1.01 0.27124 0.27303 0.269825 0.27678 0.2773 0.277655 0.26892 0.27892
-1 0.271405 0.276195 0.272175 0.27894 0.27791 0.27781 0.27164 0.2793
-0.99 0.272435 0.27731 0.27458 0.28122 0.279715 0.27733 0.273245 0.280155
-0.98 0.273795 0.27877 0.27652 0.281705 0.280675 0.279545 0.27492 0.282125
-0.97 0.27484 0.27765 0.274915 0.283415 0.28272 0.27921 0.274455 0.28115
-0.96 0.277195 0.279565 0.27801 0.28586 0.281905 0.28235 0.275895 0.285615
-0.95 0.27534 0.280055 0.280105 0.28703 0.28495 0.28128 0.28085 0.285575
-0.94 0.27936 0.28364 0.27861 0.28581 0.286025 0.28583 0.28078 0.28868
-0.93 0.280555 0.28499 0.282925 0.290725 0.28904 0.286265 0.282605 0.288845
-0.92 0.282285 0.28705 0.284935 0.28873 0.289145 0.28819 0.28115 0.288385
-0.91 0.282335 0.28596 0.285215 0.29194 0.288125 0.28806 0.283795 0.290395
-0.9 0.28249 0.287765 0.28645 0.289345 0.289545 0.291025 0.282575 0.28998
-0.89 0.283285 0.28599 0.286835 0.29426 0.289865 0.294475 0.28296 0.29194
-0.88 0.28586 0.290805 0.288045 0.29347 0.29028 0.292265 0.28608 0.29231
-0.87 0.28892 0.292175 0.289245 0.29526 0.293115 0.294595 0.28576 0.29554
-0.86 0.287915 0.291735 0.29048 0.29611 0.293775 0.29488 0.28743 0.297095
-0.85 0.28991 0.294945 0.29466 0.29909 0.29866 0.29858 0.290555 0.29723
-0.84 0.29137 0.29516 0.294005 0.29834 0.296065 0.29421 0.29087 0.297505
-0.83 0.291645 0.29909 0.296915 0.29979 0.29763 0.29983 0.2935 0.29816
-0.82 0.2952 0.29723 0.29757 0.30123 0.29603 0.298665 0.294455 0.299115
-0.81 0.29303 0.298835 0.297925 0.30258 0.29843 0.299595 0.293475 0.298905
-0.8 0.296685 0.300255 0.29667 0.30431 0.301835 0.302185 0.294965 0.30164
-0.79 0.294845 0.300545 0.299305 0.30724 0.3051 0.302285 0.297615 0.3034
-0.78 0.298985 0.30106 0.300405 0.30692 0.302405 0.309055 0.296875 0.303885
-0.77 0.29784 0.303285 0.302835 0.308905 0.304765 0.30611 0.298775 0.303485
-0.76 0.298655 0.305025 0.302455 0.3087 0.30601 0.305705 0.300455 0.305195
-0.75 0.301885 0.306095 0.30232 0.312185 0.307025 0.30958 0.30139 0.306245
-0.74 0.30213 0.304935 0.303945 0.31161 0.308515 0.30743 0.3035 0.306775
-0.73 0.30195 0.30673 0.305775 0.309755 0.310215 0.30766 0.30292 0.307825
-0.72 0.30446 0.30961 0.307025 0.31185 0.30892 0.30871 0.3039 0.30798
-0.71 0.30311 0.309445 0.307675 0.316215 0.312585 0.31145 0.30641 0.30887
-0.7 0.305535 0.309665 0.30773 0.316625 0.310595 0.311035 0.30505 0.31264
-0.69 0.305415 0.31387 0.309245 0.31771 0.313 0.314455 0.30811 0.312945
-0.68 0.30692 0.31171 0.310445 0.31853 0.314205 0.31255 0.308165 0.314575
-0.67 0.307835 0.3124 0.310215 0.31832 0.315765 0.31421 0.308295 0.31462
-0.66 0.306465 0.313055 0.310465 0.31952 0.315435 0.315065 0.31024 0.315075
-0.65 0.307625 0.31494 0.310755 0.32004 0.31721 0.315525 0.310445 0.314925
-0.64 0.31246 0.31498 0.31059 0.322575 0.318905 0.317065 0.310865 0.315965
-0.63 0.30856 0.316165 0.31403 0.322975 0.320465 0.320185 0.312295 0.31793
-0.62 0.31134 0.317645 0.314815 0.32553 0.319815 0.321465 0.31463 0.31985
-0.61 0.31226 0.315955 0.316165 0.323215 0.323605 0.32173 0.313655 0.31979
-0.6 0.31451 0.31849 0.316655 0.326715 0.321195 0.322075 0.317505 0.31927
-0.59 0.314665 0.317335 0.317745 0.327525 0.32122 0.322355 0.317295 0.319555
-0.58 0.31656 0.319205 0.316725 0.326655 0.323495 0.323685 0.31802 0.321505
-0.57 0.318615 0.31962 0.31977 0.32903 0.32372 0.32649 0.31686 0.31946
-0.56 0.316835 0.31947 0.319965 0.329185 0.324355 0.32677 0.321115 0.323565
-0.55 0.315805 0.322165 0.320705 0.331365 0.325615 0.32358 0.32256 0.323255
-0.54 0.318915 0.32229 0.323435 0.33118 0.3263 0.326525 0.32493 0.32358
-0.53 0.319045 0.32373 0.32258 0.332905 0.32685 0.32624 0.322775 0.323955
-0.52 0.318935 0.32187 0.321315 0.33081 0.328555 0.32871 0.32514 0.321995
-0.51 0.31779 0.323835 0.32642 0.335375 0.32671 0.330165 0.328145 0.32554
-0.5 0.31968 0.32515 0.324435 0.334435 0.330865 0.32897 0.327555 0.32421
-0.49 0.320755 0.324225 0.32628 0.334375 0.32858 0.33027 0.32457 0.32437
-0.48 0.322425 0.32718 0.32651 0.33585 0.33102 0.33055 0.328055 0.326635
-0.47 0.32096 0.330725 0.32802 0.336105 0.33042 0.328935 0.32721 0.32715
-0.46 0.32399 0.32927 0.325545 0.336055 0.33029 0.332685 0.3265 0.32596
-0.45 0.32492 0.330195 0.32644 0.33768 0.332715 0.33037 0.327775 0.325555
-0.44 0.323555 0.331525 0.327735 0.335845 0.33488 0.333505 0.329985 0.327965
-0.43 0.32474 0.33057 0.32977 0.33861 0.336915 0.33283 0.328995 0.327775
-0.42 0.32557 0.33204 0.329485 0.341285 0.336105 0.333945 0.33092 0.32799
-0.41 0.326025 0.329325 0.326835 0.34083 0.33381 0.334205 0.33485 0.32801
-0.4 0.32702 0.333575 0.331335 0.339075 0.33777 0.33368 0.332365 0.330995
-0.39 0.32629 0.33177 0.33191 0.3414 0.33552 0.335985 0.33078 0.330785
-0.38 0.32864 0.3342 0.330215 0.340595 0.337265 0.337375 0.333005 0.33008
-0.37 0.32957 0.334275 0.3333 0.34216 0.338565 0.33416 0.33478 0.3314
-0.36 0.331985 0.33198 0.333515 0.344695 0.338055 0.337995 0.33422 0.33232
-0.35 0.33009 0.336295 0.33534 0.342615 0.33993 0.335915 0.334495 0.33286
-0.34 0.329775 0.33609 0.332425 0.34507 0.33754 0.33689 0.333805 0.333595
-0.33 0.33361 0.335555 0.33879 0.345885 0.339855 0.33622 0.33612 0.333915
-0.32 0.333625 0.33605 0.334235 0.346065 0.341135 0.3374 0.33394 0.33397
-0.31 0.33639 0.338045 0.334585 0.346935 0.3403 0.3368 0.333215 0.33232
-0.3 0.3344 0.33742 0.33628 0.345605 0.34232 0.33772 0.33661 0.337575
-0.29 0.33445 0.33838 0.336275 0.3439 0.33972 0.33677 0.335615 0.33783
-0.28 0.333385 0.337155 0.34032 0.346445 0.338555 0.337115 0.33969 0.332165
-0.27 0.33644 0.337015 0.33684 0.347985 0.3398 0.33605 0.33696 0.335245
-0.26 0.33517 0.338825 0.336075 0.347385 0.341295 0.33397 0.33945 0.33727
-0.25 0.336035 0.33746 0.339285 0.34595 0.3402 0.335895 0.33964 0.33576
-0.24 0.33534 0.33867 0.340285 0.34838 0.34148 0.334575 0.335725 0.33581
-0.23 0.336895 0.339865 0.341525 0.34935 0.34145 0.33704 0.33818 0.33595
-0.22 0.33542 0.340165 0.34002 0.35046 0.341795 0.336125 0.34083 0.336575
-0.21 0.33709 0.341235 0.33969 0.35027 0.340215 0.337575 0.33945 0.338055
-0.2 0.3349 0.339285 0.338405 0.352205 0.341565 0.33463 0.33894 0.339345
-0.19 0.33597 0.33726 0.34025 0.350115 0.342655 0.33699 0.34 0.336045
-0.18 0.33842 0.34101 0.339415 0.351035 0.344255 0.33782 0.34207 0.336845
-0.17 0.33752 0.34071 0.34123 0.348835 0.343495 0.3365 0.343575 0.33865
-0.16 0.338725 0.341195 0.34361 0.351805 0.343435 0.33595 0.34114 0.337125
-0.15 0.33964 0.339575 0.34075 0.35189 0.34395 0.337875 0.34214 0.334845
-0.14 0.339545 0.341645 0.339475 0.351105 0.34134 0.335715 0.342415 0.33771
-0.13 0.3369 0.34404 0.342705 0.35212 0.343585 0.338635 0.343745 0.33731
-0.12 0.33985 0.34088 0.341555 0.348935 0.344795 0.336115 0.34351 0.3365
-0.11 0.338145 0.340065 0.341715 0.35359 0.34665 0.33769 0.34517 0.3384
-0.1 0.33931 0.342145 0.33916 0.3492 0.34549 0.33843 0.34612 0.338365
-0.09 0.33954 0.341855 0.34388 0.35149 0.34282 0.33642 0.34569 0.338395
-0.08 0.341065 0.343705 0.34261 0.349875 0.34207 0.33644 0.345365 0.339715
-0.07 0.33999 0.34258 0.343095 0.34888 0.346685 0.33691 0.3453 0.340135
-0.06 0.33972 0.34081 0.344765 0.34662 0.346765 0.336155 0.345495 0.339095
-0.05 0.337715 0.344545 0.34451 0.351495 0.34628 0.33804 0.345735 0.33919
-0.04 0.33832 0.343665 0.34616 0.349755 0.34678 0.33613 0.34549 0.339695
-0.03 0.34204 0.340795 0.344895 0.35116 0.34463 0.335955 0.346435 0.33876
-0.02 0.340095 0.342525 0.3434 0.351455 0.34669 0.337655 0.34531 0.33941
-0.01 0.34249 0.34048 0.34294 0.348755 0.347385 0.33671 0.345065 0.337165
0 0.3424 0.342075 0.341195 0.34968 0.34559 0.339605 0.34653 0.34079
0.01 0.33947 0.345415 0.343245 0.349245 0.34677 0.33745 0.34964 0.33676
0.02 0.34198 0.342765 0.342805 0.34764 0.345795 0.3384 0.34756 0.33842
0.03 0.34131 0.34522 0.34421 0.346735 0.34496 0.33857 0.345125 0.33755
0.04 0.34255 0.34269 0.344025 0.3477 0.34302 0.336465 0.346375 0.33745
0.05 0.341295 0.34509 0.34291 0.346665 0.34586 0.338965 0.34789 0.34178
0.06 0.341125 0.34334 0.34475 0.3467 0.34561 0.33703 0.34478 0.34016
0.07 0.341325 0.342635 0.34418 0.346495 0.34615 0.33739 0.34584 0.340775
0.08 0.342205 0.342335 0.343175 0.346255 0.345375 0.336185 0.34723 0.33886
0.09 0.342135 0.343435 0.344055 0.34783 0.344425 0.33853 0.345885 0.33989
0.1 0.34256 0.342725 0.343205 0.34628 0.343725 0.336015 0.34578 0.33801
0.11 0.340635 0.34218 0.343065 0.346365 0.343185 0.33599 0.34282 0.337085
0.12 0.34311 0.338945 0.34265 0.34635 0.34156 0.33699 0.34469 0.339355
0.13 0.34185 0.34043 0.343175 0.34531 0.340845 0.33756 0.343185 0.336085
0.14 0.342035 0.339715 0.34144 0.34379 0.342195 0.33653 0.343855 0.338235
0.15 0.34176 0.339845 0.34098 0.344725 0.34175 0.336145 0.34383 0.338795
0.16 0.341985 0.34128 0.339935 0.341525 0.341945 0.33574 0.34439 0.33693
0.17 0.34073 0.34238 0.341425 0.34211 0.34202 0.33827 0.34342 0.338025
0.18 0.34052 0.3403 0.34184 0.34232 0.339705 0.33688 0.344105 0.33722
0.19 0.34038 0.336815 0.340645 0.34264 0.338655 0.33587 0.343755 0.33674
0.2 0.341 0.33731 0.3409 0.341725 0.341445 0.335195 0.33996 0.33543
0.21 0.342305 0.3396 0.34287 0.340225 0.340655 0.335765 0.34265 0.33631
0.22 0.33826 0.342935 0.34082 0.34005 0.33943 0.336335 0.342205 0.33632
0.23 0.342015 0.33791 0.342935 0.34041 0.33917 0.33628 0.34165 0.334345
0.24 0.340335 0.33566 0.34179 0.338755 0.33842 0.336085 0.342595 0.33482
0.25 0.341175 0.339165 0.33974 0.34143 0.33765 0.333685 0.342535 0.33606
0.26 0.341435 0.338305 0.341105 0.33917 0.336295 0.33444 0.33833 0.33312
0.27 0.34023 0.336375 0.33938 0.3392 0.336025 0.33334 0.34002 0.33414
0.28 0.338975 0.33437 0.340805 0.33864 0.336795 0.331885 0.33965 0.33485
0.29 0.3396 0.3336 0.33774 0.33971 0.33507 0.333195 0.343375 0.336765
0.3 0.340005 0.3367 0.33929 0.33702 0.33416 0.335185 0.33733 0.333895
0.31 0.336755 0.33473 0.337555 0.334345 0.336775 0.332615 0.33925 0.3335
0.32 0.338595 0.33168 0.3367 0.33576 0.33399 0.333695 0.338505 0.334815
0.33 0.33535 0.334135 0.33718 0.335845 0.33519 0.333625 0.338345 0.33392
0.34 0.33692 0.333835 0.337555 0.33267 0.332015 0.331 0.3363 0.330835
0.35 0.334655 0.33327 0.338405 0.33402 0.3323 0.330925 0.338105 0.33115
0.36 0.33615 0.334425 0.333785 0.334775 0.33134 0.335465 0.33613 0.33115
0.37 0.336475 0.334125 0.33486 0.3342 0.33278 0.333405 0.334955 0.328665
0.38 0.333955 0.33367 0.33497 0.33364 0.331535 0.3295 0.3335 0.32946
0.39 0.335045 0.332425 0.33392 0.33319 0.329195 0.328325 0.33578 0.33004
0.4 0.333385 0.332265 0.3351 0.330855 0.32927 0.33069 0.333305 0.32873
0.41 0.333355 0.33106 0.33315 0.33301 0.32875 0.32913 0.33254 0.330695
0.42 0.334705 0.330245 0.331875 0.33114 0.328005 0.33067 0.331265 0.32631
0.43 0.33284 0.33248 0.33228 0.32868 0.326405 0.326235 0.332585 0.32458
0.44 0.333675 0.32879 0.33329 0.329055 0.326295 0.32919 0.331645 0.32561
0.45 0.330955 0.33005 0.32987 0.331225 0.325785 0.327215 0.32924 0.32564
0.46 0.33235 0.33315 0.33249 0.32885 0.322975 0.327095 0.331795 0.324885
0.47 0.33238 0.327995 0.329635 0.3288 0.32205 0.326275 0.33023 0.32312
0.48 0.331445 0.32944 0.32838 0.32582 0.323385 0.32571 0.330045 0.324255
0.49 0.3306 0.32758 0.327865 0.325885 0.321975 0.32499 0.32708 0.323005
0.5 0.329725 0.329155 0.328245 0.32318 0.319765 0.322505 0.328725 0.32207
0.51 0.33311 0.326585 0.32677 0.32642 0.321485 0.324435 0.326525 0.322
0.52 0.32788 0.329175 0.326615 0.32256 0.320135 0.32034 0.32801 0.3207
0.53 0.32905 0.325975 0.32718 0.32426 0.320405 0.323705 0.322755 0.322105
0.54 0.325365 0.32789 0.323275 0.32156 0.318165 0.32177 0.324305 0.321355
0.55 0.32752 0.326345 0.322825 0.323995 0.31987 0.323295 0.32178 0.321595
0.56 0.32525 0.324265 0.321385 0.319115 0.3177 0.321555 0.32013 0.31774
0.57 0.32417 0.32548 0.3256 0.32145 0.317205 0.31953 0.32172 0.318165
0.58 0.32429 0.3209 0.319925 0.3193 0.31234 0.321235 0.324185 0.31739
0.59 0.32265 0.321775 0.323465 0.31728 0.315435 0.317365 0.320255 0.317475
0.6 0.321875 0.31964 0.320975 0.316075 0.317155 0.319425 0.32035 0.316145
0.61 0.32142 0.32033 0.322025 0.31577 0.31306 0.316775 0.31773 0.314725
0.62 0.320665 0.318015 0.321295 0.31315 0.313315 0.315695 0.31838 0.315645
0.63 0.31818 0.319125 0.32007 0.31336 0.30992 0.315895 0.314925 0.312555
0.64 0.3175 0.319105 0.31773 0.312805 0.308955 0.31303 0.31911 0.31187
0.65 0.318675 0.319125 0.31809 0.31412 0.30963 0.313615 0.31813 0.30862
0.66 0.3152 0.31601 0.31762 0.310125 0.306335 0.313875 0.316325 0.3101
0.67 0.31771 0.3154 0.316895 0.309735 0.30598 0.310605 0.31494 0.30971
0.68 0.31391 0.314705 0.31552 0.30916 0.306025 0.31191 0.313265 0.309355
0.69 0.314345 0.312295 0.313795 0.30753 0.3061 0.309735 0.312785 0.306455
0.7 0.31371 0.312745 0.312915 0.30487 0.304305 0.310525 0.31204 0.30784
0.71 0.31406 0.3111 0.313055 0.30621 0.302165 0.30803 0.312195 0.3051
0.72 0.312 0.31106 0.311455 0.30523 0.302065 0.307135 0.30685 0.30534
0.73 0.31037 0.31179 0.310695 0.30251 0.302645 0.305875 0.307885 0.304015
0.74 0.31077 0.30954 0.310925 0.302575 0.29985 0.30488 0.30517 0.30414
0.75 0.308895 0.306285 0.30993 0.299645 0.301135 0.304195 0.30389 0.303535
0.76 0.30693 0.30746 0.30635 0.29853 0.299795 0.303285 0.30298 0.30374
0.77 0.307565 0.30948 0.30602 0.295615 0.297905 0.30364 0.302955 0.3017
0.78 0.306665 0.302785 0.306075 0.29557 0.296025 0.300635 0.30099 0.30067
0.79 0.30416 0.30406 0.30433 0.295045 0.29794 0.300055 0.30073 0.2988
0.8 0.304975 0.304065 0.304235 0.29452 0.29349 0.29992 0.29958 0.298225
0.81 0.30148 0.30391 0.30427 0.29321 0.29563 0.295775 0.29559 0.294145
0.82 0.30178 0.30109 0.30301 0.2907 0.290105 0.29663 0.29578 0.29601
0.83 0.29911 0.300245 0.301775 0.2918 0.289545 0.296945 0.296925 0.293345
0.84 0.29968 0.29794 0.29926 0.289825 0.29105 0.293205 0.294455 0.294435
0.85 0.29855 0.297095 0.299915 0.2895 0.28913 0.295 0.29414 0.29261
0.86 0.29762 0.295795 0.29705 0.287105 0.28503 0.29332 0.292495 0.29215
0.87 0.297445 0.296465 0.29567 0.28695 0.28783 0.292135 0.29225 0.28933
0.88 0.29492 0.2946 0.296855 0.28416 0.286825 0.290185 0.28888 0.288365
0.89 0.29333 0.29282 0.294715 0.284425 0.284475 0.28769 0.28805 0.28733
0.9 0.291275 0.290945 0.29159 0.28094 0.285005 0.28938 0.286025 0.28715
0.91 0.2923 0.288915 0.291445 0.280105 0.283295 0.28917 0.286315 0.28697
0.92 0.28872 0.288675 0.289975 0.28163 0.283915 0.28743 0.28468 0.28324
0.93 0.287305 0.28788 0.28853 0.27946 0.281075 0.2866 0.28633 0.280785
0.94 0.28857 0.286575 0.288275 0.27743 0.279055 0.284675 0.28217 0.283135
0.95 0.2863 0.283735 0.28537 0.2741 0.279085 0.283835 0.28003 0.2801
0.96 0.283635 0.282145 0.283725 0.27478 0.275815 0.28263 0.2792 0.27992
0.97 0.282985 0.281775 0.28365 0.273175 0.277425 0.282225 0.279765 0.27657
0.98 0.282525 0.28113 0.28434 0.271555 0.27561 0.28007 0.279855 0.27777
0.99 0.28214 0.280305 0.281705 0.269965 0.27355 0.27861 0.27603 0.27475
1 0.281625 0.276315 0.28083 0.266815 0.27336 0.279345 0.274525 0.273535
1.01 0.281235 0.27672 0.27751 0.265595 0.27134 0.277585 0.27349 0.27189
1.02 0.27961 0.27598 0.277205 0.267435 0.271825 0.276595 0.27437 0.271085
1.03 0.27891 0.272685 0.27628 0.263945 0.26822 0.272395 0.27344 0.26816
1.04 0.276075 0.271105 0.274685 0.263065 0.267525 0.27388 0.26917 0.267105
1.05 0.274645 0.2699 0.274275 0.25997 0.2662 0.27268 0.269355 0.26553
1.06 0.27398 0.267705 0.27183 0.26112 0.26395 0.270335 0.266945 0.262835
1.07 0.271275 0.26638 0.272695 0.25983 0.265715 0.26507 0.265185 0.264285
1.08 0.27131 0.26547 0.27036 0.25804 0.26502 0.26779 0.26693 0.261875
1.09 0.26813 0.263905 0.26793 0.25787 0.26341 0.26405 0.264335 0.259695
1.1 0.266 0.263265 0.265525 0.255005 0.26196 0.263265 0.26297 0.25604
1.11 0.2676 0.2595 0.26498 0.25461 0.26152 0.260635 0.262745 0.25724
1.12 0.26497 0.259995 0.2635 0.2519 0.25819 0.25924 0.25995 0.255075
1.13 0.26016 0.257675 0.26017 0.251345 0.25601 0.25929 0.260505 0.25394
1.14 0.259785 0.256225 0.2586 0.248275 0.253355 0.25758 0.25726 0.252485
1.15 0.25996 0.254555 0.259455 0.246215 0.255455 0.254265 0.256095 0.252285
1.16 0.257495 0.25409 0.256205 0.246415 0.253335 0.255075 0.25485 0.24983
1.17 0.25345 0.2525 0.256045 0.24474 0.250275 0.252845 0.254895 0.24897
1.18 0.252705 0.251775 0.254885 0.243585 0.247355 0.25134 0.252585 0.246285
1.19 0.25143 0.250345 0.25292 0.243695 0.24884 0.249155 0.25043 0.24722
1.2 0.24986 0.24725 0.25148 0.239155 0.24482 0.249095 0.24621 0.24281
1.21 0.246955 0.2468 0.2479 0.23891 0.244385 0.24719 0.248415 0.24468
1.22 0.24737 0.243805 0.24666 0.24041 0.23976 0.24494 0.244285 0.239825
1.23 0.246115 0.243875 0.244235 0.23577 0.241435 0.24346 0.24366 0.23877
1.24 0.24405 0.24341 0.244025 0.23471 0.2404 0.2416 0.24047 0.238565
1.25 0.24159 0.2391 0.24066 0.233135 0.23832 0.24115 0.23983 0.23579
1.26 0.239875 0.237195 0.24128 0.229675 0.236865 0.23888 0.239415 0.23498
1.27 0.241765 0.237575 0.237255 0.22721 0.23332 0.2385 0.237345 0.233195
1.28 0.237395 0.235205 0.23752 0.225335 0.232105 0.233975 0.234045 0.23071
1.29 0.23456 0.233715 0.235655 0.225575 0.23152 0.234805 0.233265 0.22864
1.3 0.232585 0.23361 0.232235 0.22322 0.228635 0.2307 0.2328 0.22663
1.31 0.2329 0.230225 0.232195 0.219865 0.225875 0.22847 0.23056 0.226995
1.32 0.230845 0.22843 0.22906 0.219645 0.226075 0.227585 0.227755 0.223825
1.33 0.23073 0.227625 0.227575 0.2196 0.22333 0.22499 0.224625 0.22416
1.34 0.227925 0.224355 0.22522 0.21475 0.22156 0.2252 0.22257 0.221865
1.35 0.22399 0.22172 0.221705 0.215055 0.221245 0.22218 0.22185 0.219905
1.36 0.222835 0.222315 0.22119 0.21385 0.218465 0.219705 0.22058 0.21739
1.37 0.222195 0.220635 0.217825 0.20978 0.21762 0.217715 0.21955 0.21614
1.38 0.21908 0.21733 0.217105 0.210415 0.21597 0.218565 0.21703 0.213855
1.39 0.218745 0.216335 0.21515 0.2093 0.21307 0.214605 0.216205 0.212015
1.4 0.216075 0.21245 0.21356 0.20656 0.21334 0.21378 0.21488 0.20988
1.41 0.214795 0.21193 0.21092 0.202955 0.21122 0.21313 0.21219 0.20653
1.42 0.21206 0.208625 0.20896 0.20146 0.207435 0.20904 0.209925 0.20548
1.43 0.21147 0.205865 0.20648 0.199535 0.206225 0.20806 0.210425 0.20182
1.44 0.20861 0.203525 0.205445 0.197885 0.204295 0.207315 0.20638 0.202315
1.45 0.206845 0.201305 0.20121 0.19688 0.203345 0.203205 0.20277 0.199465
1.46 0.20378 0.19984 0.19946 0.194515 0.199375 0.200645 0.20209 0.19801
1.47 0.20086 0.196665 0.19787 0.192455 0.19807 0.19778 0.199755 0.195415
1.48 0.19938 0.19612 0.19688 0.190265 0.19723 0.197135 0.197375 0.192305
1.49 0.19826 0.193345 0.193255 0.1873 0.195595 0.19418 0.195105 0.192325
1.5 0.194845 0.19011 0.191745 0.185645 0.191825 0.19109 0.1932 0.190545
1.51 0.196205 0.18833 0.188405 0.184515 0.190845 0.18978 0.189775 0.188085
1.52 0.192105 0.186535 0.1865 0.180135 0.188075 0.188205 0.18888 0.184705
1.53 0.19081 0.183525 0.18559 0.177685 0.18581 0.185865 0.186415 0.18401
1.54 0.187265 0.1816 0.184875 0.17638 0.18239 0.180995 0.18557 0.181215
1.55 0.183665 0.1796 0.182525 0.173455 0.18004 0.1819 0.182255 0.177265
1.56 0.184465 0.17621 0.18046 0.17116 0.179455 0.178435 0.181135 0.17694
1.57 0.18056 0.175765 0.17763 0.16903 0.17633 0.17469 0.17759 0.17289
1.58 0.1796 0.173795 0.17425 0.168035 0.173255 0.173885 0.17599 0.170565
1.59 0.176755 0.1708 0.171185 0.16356 0.1706 0.17095 0.17288 0.16893
1.6 0.174105 0.16789 0.168785 0.163275 0.16854 0.169615 0.17268 0.165185
1.61 0.171195 0.165335 0.16775 0.159405 0.16653 0.167235 0.168765 0.16469
1.62 0.168625 0.164225 0.1634 0.156645 0.164425 0.16452 0.166015 0.161725
1.63 0.167565 0.160135 0.161825 0.155425 0.161515 0.161765 0.163045 0.159045
1.64 0.163885 0.15763 0.15994 0.153015 0.159015 0.160745 0.162275 0.15576
1.65 0.16156 0.15555 0.15815 0.151735 0.155435 0.157575 0.15826 0.1545
1.66 0.159125 0.152835 0.15427 0.14813 0.15458 0.15334 0.157355 0.15029
1.67 0.15641 0.150795 0.15336 0.1469 0.15238 0.15205 0.153105 0.148535
1.68 0.153855 0.147085 0.149385 0.14422 0.148325 0.14884 0.15152 0.143375
1.69 0.15141 0.144785 0.146315 0.14184 0.145225 0.145835 0.148775 0.14331
1.7 0.14752 0.14061 0.14345 0.13979 0.143215 0.14411 0.14634 0.139875
1.71 0.146255 0.138755 0.141165 0.137035 0.140035 0.140145 0.145805 0.137475
1.72 0.14268 0.13666 0.136675 0.1352 0.137865 0.13743 0.140955 0.134905
1.73 0.138095 0.13338 0.1362 0.131315 0.13485 0.135375 0.137835 0.13231
1.74 0.135905 0.128645 0.132475 0.129185 0.131495 0.130295 0.13527 0.1283
1.75 0.131495 0.12633 0.129875 0.125895 0.13037 0.12937 0.13218 0.12503
1.76 0.129315 0.123135 0.12638 0.12197 0.12527 0.124555 0.13026 0.12445
1.77 0.12652 0.11869 0.12352 0.119995 0.1202 0.12117 0.12557 0.11985
1.78 0.12308 0.116445 0.119835 0.11635 0.12029 0.11845 0.121955 0.1173
1.79 0.11977 0.11272 0.117955 0.11244 0.11699 0.11694 0.118915 0.11356
1.8 0.11698 0.11042 0.11419 0.109305 0.113285 0.111915 0.116025 0.111945
1.81 0.111615 0.10498 0.111345 0.10666 0.10906 0.109615 0.11144 0.107235
1.82 0.107975 0.10318 0.10814 0.103355 0.10679 0.105635 0.108405 0.10382
1.83 0.10562 0.099005 0.10189 0.09936 0.102385 0.101085 0.105005 0.09977
1.84 0.102785 0.09503 0.099605 0.096425 0.09841 0.099095 0.10063 0.097345
1.85 0.09858 0.09219 0.095075 0.092745 0.094515 0.09527 0.09575 0.092575
1.86 0.09564 0.0884 0.093845 0.088545 0.09099 0.09062 0.093325 0.08855
1.87 0.09182 0.08348 0.08865 0.084825 0.08719 0.086615 0.08909 0.085245
1.88 0.08659 0.07897 0.08308 0.080985 0.081085 0.082685 0.08391 0.080695
1.89 0.08082 0.07523 0.08005 0.0768 0.07681 0.07763 0.080685 0.07694
1.9 0.076795 0.07007 0.075235 0.072945 0.07334 0.074205 0.076165 0.07212
1.91 0.07176 0.065305 0.070505 0.06692 0.068325 0.069525 0.07003 0.067065
1.92 0.06588 0.061795 0.064685 0.062715 0.06361 0.063235 0.06501 0.06161
1.93 0.060795 0.055585 0.06019 0.05779 0.05771 0.058145 0.05924 0.056955
1.94 0.05444 0.04946 0.053415 0.05128 0.05282 0.052735 0.053985 0.051725
1.95 0.0476 0.04468 0.04658 0.045945 0.0469 0.04699 0.04799 0.04431
1.96 0.041425 0.038605 0.040105 0.03845 0.040655 0.03999 0.041195 0.03853
1.97 0.03373 0.031455 0.033405 0.032025 0.032705 0.03278 0.033655 0.030695
1.98 0.024565 0.022475 0.024435 0.023135 0.02379 0.024125 0.02443 0.02277
1.99 0.012735 0.010925 0.01199 0.011525 0.01222 0.012015 0.012455 0.011005
2 0 0 0 0 0 0 0 0
2.01 0 0 0 0 0 0 0 0
2.02 0 0 0 0 0 0 0 0
2.03 0 0 0 0 0 0 0 0
2.04 0 0 0 0 0 0 0 0
2.05 0 0 0 0 0 0 0 0
2.06 0 0 0 0 0 0 0 0
2.07 0 0 0 0 0 0 0 0
2.08 0 0 0 0 0 0 0 0
2.09 0 0 0 0 0 0 0 0
2.1 0 0 0 0 0 0 0 0
2.11 0 0 0 0 0 0 0 0
2.12 0 0 0 0 0 0 0 0
2.13 0 0 0 0 0 0 0 0
2.14 0 0 0 0 0 0 0 0
2.15 0 0 0 0 0 0 0 0
2.16 0 0 0 0 0 0 0 0
2.17 0 0 0 0 0 0 0 0
2.18 0 0 0 0 0 0 0 0
2.19 0 0 0 0 0 0 0 0
2.2 0 0 0 0 0 0 0 0
2.21 0 0 0 0 0 0 0 0
2.22 0 0 0 0 0 0 0 0
2.23 0 0 0 0 0 0 0 0
2.24 0 0 0 0 0 0 0 0
2.25 0 0 0 0 0 0 0 0
2.26 0 0 0 0 0 0 0 0
2.27 0 0 0 0 0 0 0 0
2.28 0 0 0 0 0 0 0 0
2.29 0 0 0 0 0 0 0 0
2.3 0 0 0 0 0 0 0 0
2.31 0 0 0 0 0 0 0 0
2.32 0 0 0 0 0 0 0 0
2.33 0 0 0 0 0 0 0 0
2.34 0 0 0 0 0 0 0 0
2.35 0 0 0 0 0 0 0 0
2.36 0 0 0 0 0 0 0 0
2.37 0 0 0 0 0 0 0 0
2.38 0 0 0 0 0 0 0 0
2.39 0 0 0 0 0 0 0 0
2.4 0 0 0 0 0 0 0 0
2.41 0 0 0 0 0 0 0 0
2.42 0 0 0 0 0 0 0 0
2.43 0 0 0 0 0 0 0 0
2.44 0 0 0 0 0 0 0 0
2.45 0 0 0 0 0 0 0 0
2.46 0 0 0 0 0 0 0 0
2.47 0 0 0 0 0 0 0 0
2.48 0 0 0 0 0 0 0 0
2.49 0 0 0 0 0 0 0 0
2.5 0 0 0 0 0 0 0 0
2.51 0 0 0 0 0 0 0 0
2.52 0 0 0 0 0 0 0 0
2.53 0 0 0 0 0 0 0 0
2.54 0 0 0 0 0 0 0 0
2.55 0 0 0 0 0 0 0 0
2.56 0 0 0 0 0 0 0 0
2.57 0 0 0 0 0 0 0 0
2.58 0 0 0 0 0 0 0 0
2.59 0 0 0 0 0 0 0 0
2.6 0 0 0 0 0 0 0 0
2.61 0 0 0 0 0 0 0 0
2.62 0 0 0 0 0 0 0 0
2.63 0 0 0 0 0 0 0 0
2.64 0 0 0 0 0 0 0 0
2.65 0 0 0 0 0 0 0 0
2.66 0 0 0 0 0 0 0 0
2.67 0 0 0 0 0 0 0 0
2.68 0 0 0 0 0 0 0 0
2.69 0 0 0 0 0 0 0 0
2.7 0 0 0 0 0 0 0 0
2.71 0 0 0 0 0 0 0 0
2.72 0 0 0 0 0 0 0 0
2.73 0 0 0 0 0 0 0 0
2.74 0 0 0 0 0 0 0 0
2.75 0 0 0 0 0 0 0 0
2.76 0 0 0 0 0 0 0 0
2.77 0 0 0 0 0 0 0 0
2.78 0 0 0 0 0 0 0 0
2.79 0 0 0 0 0 0 0 0
2.8 0 0 0 0 0 0 0 0
2.81 0 0 0 0 0 0 0 0
2.82 0 0 0 0 0 0 0 0
2.83 0 0 0 0 0 0 0 0
2.84 0 0 0 0 0 0 0 0
2.85 0 0 0 0 0 0 0 0
2.86 0 0 0 0 0 0 0 0
2.87 0 0 0 0 0 0 0 0
2.88 0 0 0 0 0 0 0 0
2.89 0 0 0 0 0 0 0 0
2.9 0 0 0 0 0 0 0 0
2.91 0 0 0 0 0 0 0 0
2.92 0 0 0 0 0 0 0 0
2.93 0 0 0 0 0 0 0 0
2.94 0 0 0 0 0 0 0 0
2.95 0 0 0 0 0 0 0 0
2.96 0 0 0 0 0 0 0 0
2.97 0 0 0 0 0 0 0 0
2.98 0 0 0 0 0 0 0 0
2.99 0 0 0 0 0 0 0 0
3 0 0 0 0 0 0 0 0
3.01 0 0 0 0 0 0 0 0
3.02 0 0 0 0 0 0 0 0
3.03 0 0 0 0 0 0 0 0
3.04 0 0 0 0 0 0 0 0
3.05 0 0 0 0 0 0 0 0
3.06 0 0 0 0 0 0 0 0
3.07 0 0 0 0 0 0 0 0
3.08 0 0 0 0 0 0 0 0
3.09 0 0 0 0 0 0 0 0
3.1 0 0 0 0 0 0 0 0
3.11 0 0 0 0 0 0 0 0
3.12 0 0 0 0 0 0 0 0
3.13 0 0 0 0 0 0 0 0
3.14 0 0 0 0 0 0 0 0
3.15 0 0 0 0 0 0 0 0
3.16 0 0 0 0 0 0 0 0
3.17 0 0 0 0 0 0 0 0
3.18 0 0 0 0 0 0 0 0
3.19 0 0 0 0 0 0 0 0
3.2 0 0 0 0 0 0 0 0
3.21 0 0 0 0 0 0 0 0
3.22 0 0 0 0 0 0 0 0
3.23 0 0 0 0 0 0 0 0
3.24 0 0 0 0 0 0 0 0
3.25 0 0 0 0 0 0 0 0
3.26 0 0 0 0 0 0 0 0
3.27 0 0 0 0 0 0 0 0
3.28 0 0 0 0 0 0 0 0
3.29 0 0 0 0 0 0 0 0
3.3 0 0 0 0 0 0 0 0
3.31 0 0 0 0 0 0 0 0
3.32 0 0 0 0 0 0 0 0
3.33 0 0 0 0 0 0 0 0
3.34 0 0 0 0 0 0 0 0
3.35 0 0 0 0 0 0 0 0
3.36 0 0 0 0 0 0 0 0
3.37 0 0 0 0 0 0 0 0
3.38 0 0 0 0 0 0 0 0
3.39 0 0 0 0 0 0 0 0
3.4 0 0 0 0 0 0 0 0
3.41 0 0 0 0 0 0 0 0
3.42 0 0 0 0 0 0 0 0
3.43 0 0 0 0 0 0 0 0
3.44 0 0 0 0 0 0 0 0
3.45 0 0 0 0 0 0 0 0
3.46 0 0 0 0 0 0 0 0
3.47 0 0 0 0 0 0 0 0
3.48 0 0 0 0 0 0 0 0
3.49 0 0 0 0 0 0 0 0
3.5 0 0 0 0 0 0 0 0
3.51 0 0 0 0 0 0 0 0
3.52 0 0 0 0 0 0 0 0
3.53 0 0 0 0 0 0 0 0
3.54 0 0 0 0 0 0 0 0
3.55 0 0 0 0 0 0 0 0
3.56 0 0 0 0 0 0 0 0
3.57 0 0 0 0 0 0 0 0
3.58 0 0 0 0 0 0 0 0
3.59 0 0 0 0 0 0 0 0
3.6 0 0 0 0 0 0 0 0
3.61 0 0 0 0 0 0 0 0
3.62 0 0 0 0 0 0 0 0
3.63 0 0 0 0 0 0 0 0
3.64 0 0 0 0 0 0 0 0
3.65 0 0 0 0 0 0 0 0
3.66 0 0 0 0 0 0 0 0
3.67 0 0 0 0 0 0 0 0
3.68 0 0 0 0 0 0 0 0
3.69 0 0 0 0 0 0 0 0
3.7 0 0 0 0 0 0 0 0
3.71 0 0 0 0 0 0 0 0
3.72 0 0 0 0 0 0 0 0
3.73 0 0 0 0 0 0 0 0
3.74 0 0 0 0 0 0 0 0
3.75 0 0 0 0 0 0 0 0
3.76 0 0 0 0 0 0 0 0
3.77 0 0 0 0 0 0 0 0
3.78 0 0 0 0 0 0 0 0
3.79 0 0 0 0 0 0 0 0
3.8 0 0 0 0 0 0 0 0
3.81 0 0 0 0 0 0 0 0
3.82 0 0 0 0 0 0 0 0
3.83 0 0 0 0 0 0 0 0
3.84 0 0 0 0 0 0 0 0
3.85 0 0 0 0 0 0 0 0
3.86 0 0 0 0 0 0 0 0
3.87 0 0 0 0 0 0 0 0
3.88 0 0 0 0 0 0 0 0
3.89 0 0 0 0 0 0 0 0
3.9 0 0 0 0 0 0 0 0
3.91 0 0 0 0 0 0 0 0
3.92 0 0 0 0 0 0 0 0
3.93 0 0 0 0 0 0 0 0
3.94 0 0 0 0 0 0 0 0
3.95 0 0 0 0 0 0 0 0
3.96 0 0 0 0 0 0 0 0
3.97 0 0 0 0 0 0 0 0
3.98 0 0 0 0 0 0 0 0
3.99 0 0 0 0 0 0 0 0
4 0 0 0 0 0 0 0 0
4.01 0 0 0 0 0 0 0 0
4.02 0 0 0 0 0 0 0 0
4.03 0 0 0 0 0 0 0 0
4.04 0 0 0 0 0 0 0 0
4.05 0 0 0 0 0 0 0 0
4.06 0 0 0 0 0 0 0 0
4.07 0 0 0 0 0 0 0 0
4.08 0 0 0 0 0 0 0 0
4.09 0 0 0 0 0 0 0 0
4.1 0 0 0 0 0 0 0 0
4.11 0 0 0 0 0 0 0 0
4.12 0 0 0 0 0 0 0 0
4.13 0 0 0 0 0 0 0 0
4.14 0 0 0 0 0 0 0 0
4.15 0 0 0 0 0 0 0 0
4.16 0 0 0 0 0 0 0 0
4.17 0 0 0 0 0 0 0 0
4.18 0 0 0 0 0 0 0 0
4.19 0 0 0 0 0 0 0 0
4.2 0 0 0 0 0 0 0 0
4.21 0 0 0 0 0 0 0 0
4.22 0 0 0 0 0 0 0 0
4.23 0 0 0 0 0 0 0 0
4.24 0 0 0 0 0 0 0 0
4.25 0 0 0 0 0 0 0 0
4.26 0 0 0 0 0 0 0 0
4.27 0 0 0 0 0 0 0 0
4.28 0 0 0 0 0 0 0 0
4.29 0 0 0 0 0 0 0 0
4.3 0 0 0 0 0 0 0 0
4.31 0 0 0 0 0 0 0 0
4.32 0 0 0 0 0 0 0 0
4.33 0 0 0 0 0 0 0 0
4.34 0 0 0 0 0 0 0 0
4.35 0 0 0 0 0 0 0 0
4.36 0 0 0 0 0 0 0 0
4.37 0 0 0 0 0 0 0 0
4.38 0 0 0 0 0 0 0 0
4.39 0 0 0 0 0 0 0 0
4.4 0 0 0 0 0 0 0 0
4.41 0 0 0 0 0 0 0 0
4.42 0 0 0 0 0 0 0 0
4.43 0 0 0 0 0 0 0 0
4.44 0 0 0 0 0 0 0 0
4.45 0 0 0 0 0 0 0 0
4.46 0 0 0 0 0 0 0 0
4.47 0 0 0 0 0 0 0 0
4.48 0 0 0 0 0 0 0 0
4.49 0 0 0 0 0 0 0 0
4.5 0 0 0 0 0 0 0 0
4.51 0 0 0 0 0 0 0 0
4.52 0 0 0 0 0 0 0 0
4.53 0 0 0 0 0 0 0 0
4.54 0 0 0 0 0 0 0 0
4.55 0 0 0 0 0 0 0 0
4.56 0 0 0 0 0 0 0 0
4.57 0 0 0 0 0 0 0 0
4.58 0 0 0 0 0 0 0 0
4.59 0 0 0 0 0 0 0 0
4.6 0 0 0 0 0 0 0 0
4.61 0 0 0 0 0 0 0 0
4.62 0 0 0 0 0 0 0 0
4.63 0 0 0 0 0 0 0 0
4.64 0 0 0 0 0 0 0 0
4.65 0 0 0 0 0 0 0 0
4.66 0 0 0 0 0 0 0 0
4.67 0 0 0 0 0 0 0 0
4.68 0 0 0 0 0 0 0 0
4.69 0 0 0 0 0 0 0 0
4.7 0 0 0 0 0 0 0 0
4.71 0 0 0 0 0 0 0 0
4.72 0 0 0 0 0 0 0 0
4.73 0 0 0 0 0 0 0 0
4.74 0 0 0 0 0 0 0 0
4.75 0 0 0 0 0 0 0 0
4.76 0 0 0 0 0 0 0 0
4.77 0 0 0 0 0 0 0 0
4.78 0 0 0 0 0 0 0 0
4.79 0 0 0 0 0 0 0 0
4.8 0 0 0 0 0 0 0 0
4.81 0 0 0 0 0 0 0 0
4.82 0 0 0 0 0 0 0 0
4.83 0 0 0 0 0 0 0 0
4.84 0 0 0 0 0 0 0 0
4.85 0 0 0 0 0 0 0 0
4.86 0 0 0 0 0 0 0 0
4.87 0 0 0 0 0 0 0 0
4.88 0 0 0 0 0 0 0 0
4.89 0 0 0 0 0 0 0 0
4.9 0 0 0 0 0 0 0 0
4.91 0 0 0 0 0 0 0 0
4.92 0 0 0 0 0 0 0 0
4.93 0 0 0 0 0 0 0 0
4.94 0 0 0 0 0 0 0 0
4.95 0 0 0 0 0 0 0 0
4.96 0 0 0 0 0 0 0 0
4.97 0 0 0 0 0 0 0 0
4.98 0 0 0 0 0 0 0 0
4.99 0 0 0 0 0 0 0 0
5 0 0 0 0 0 0 0 0
5.01 0 0 0 0 0 0 0 0
5.02 0 0 0 0 0 0 0 0
5.03 0 0 0 0 0 0 0 0
5.04 0 0 0 0 0 0 0 0
5.05 0 0 0 0 0 0 0 0
5.06 0 0 0 0 0 0 0 0
5.07 0 0 0 0 0 0 0 0
5.08 0 0 0 0 0 0 0 0
5.09 0 0 0 0 0 0 0 0
5.1 0 0 0 0 0 0 0 0
5.11 0 0 0 0 0 0 0 0
5.12 0 0 0 0 0 0 0 0
5.13 0 0 0 0 0 0 0 0
5.14 0 0 0 0 0 0 0 0
5.15 0 0 0 0 0 0 0 0
5.16 0 0 0 0 0 0 0 0
5.17 0 0 0 0 0 0 0 0
5.18 0 0 0 0 0 0 0 0
5.19 0 0 0 0 0 0 0 0
5.2 0 0 0 0 0 0 0 0
5.21 0 0 0 0 0 0 0 0
5.22 0 0 0 0 0 0 0 0
5.23 0 0 0 0 0 0 0 0
5.24 0 0 0 0 0 0 0 0
5.25 0 0 0 0 0 0 0 0
5.26 0 0 0 0 0 0 0 0
5.27 0 0 0 0 0 0 0 0
5.28 0 0 0 0 0 0 0 0
5.29 0 0 0 0 0 0 0 0
5.3 0 0 0 0 0 0 0 0
5.31 0 0 0 0 0 0 0 0
5.32 0 0 0 0 0 0 0 0
5.33 0 0 0 0 0 0 0 0
5.34 0 0 0 0 0 0 0 0
5.35 0 0 0 0 0 0 0 0
5.36 0 0 0 0 0 0 0 0
5.37 0 0 0 0 0 0 0 0
5.38 0 0 0 0 0 0 0 0
5.39 0 0 0 0 0 0 0 0
5.4 0 0 0 0 0 0 0 0
5.41 0 0 0 0 0 0 0 0
5.42 0 0 0 0 0 0 0 0
5.43 0 0 0 0 0 0 0 0
5.44 0 0 0 0 0 0 0 0
5.45 0 0 0 0 0 0 0 0
5.46 0 0 0 0 0 0 0 0
5.47 0 0 0 0 0 0 0 0
5.48 0 0 0 0 0 0 0 0
5.49 0 0 0 0 0 0 0 0
5.5 0 0 0 0 0 0 0 0
5.51 0 0 0 0 0 0 0 0
5.52 0 0 0 0 0 0 0 0
5.53 0 0 0 0 0 0 0 0
5.54 0 0 0 0 0 0 0 0
5.55 0 0 0 0 0 0 0 0
5.56 0 0 0 0 0 0 0 0
5.57 0 0 0 0 0 0 0 0
5.58 0 0 0 0 0 0 0 0
5.59 0 0 0 0 0 0 0 0
5.6 0 0 0 0 0 0 0 0
5.61 0 0 0 0 0 0 0 0
5.62 0 0 0 0 0 0 0 0
5.63 0 0 0 0 0 0 0 0
5.64 0 0 0 0 0 0 0 0
5.65 0 0 0 0 0 0 0 0
5.66 0 0 0 0 0 0 0 0
5.67 0 0 0 0 0 0 0 0
5.68 0 0 0 0 0 0 0 0
5.69 0 0 0 0 0 0 0 0
5.7 0 0 0 0 0 0 0 0
5.71 0 0 0 0 0 0 0 0
5.72 0 0 0 0 0 0 0 0
5.73 0 0 0 0 0 0 0 0
5.74 0 0 0 0 0 0 0 0
5.75 0 0 0 0 0 0 0 0
5.76 0 0 0 0 0 0 0 0
5.77 0 0 0 0 0 0 0 0
5.78 0 0 0 0 0 0 0 0
5.79 0 0 0 0 0 0 0 0
5.8 0 0 0 0 0 0 0 0
5.81 0 0 0 0 0 0 0 0
5.82 0 0 0 0 0 0 0 0
5.83 0 0 0 0 0 0 0 0
5.84 0 0 0 0 0 0 0 0
5.85 0 0 0 0 0 0 0 0
5.86 0 0 0 0 0 0 0 0
5.87 0 0 0 0 0 0 0 0
5.88 0 0 0 0 0 0 0 0
5.89 0 0 0 0 0 0 0 0
5.9 0 0 0 0 0 0 0 0
5.91 0 0 0 0 0 0 0 0
5.92 0 0 0 0 0 0 0 0
5.93 0 0 0 0 0 0 0 0
5.94 0 0 0 0 0 0 0 0
5.95 0 0 0 0 0 0 0 0
5.96 0 0 0 0 0 0 0 0
5.97 0 0 0 0 0 0 0 0
5.98 0 0 0 0 0 0 0 0
5.99 0 0 0 0 0 0 0 0
6 0 0 0 0 0 0 0 0
6.01 0 0 0 0 0 0 0 0
6.02 0 0 0 0 0 0 0 0
6.03 0 0 0 0 0 0 0 0
6.04 0 0 0 0 0 0 0 0
6.05 0 0 0 0 0 0 0 0
6.06 0 0 0 0 0 0 0 0
6.07 0 0 0 0 0 0 0 0
6.08 0 0 0 0 0 0 0 0
6.09 0 0 0 0 0 0 0 0
6.1 0 0 0 0 0 0 0 0
6.11 0 0 0 0 0 0 0 0
6.12 0 0 0 0 0 0 0 0
6.13 0 0 0 0 0 0 0 0
6.14 0 0 0 0 0 0 0 0
6.15 0 0 0 0 0 0 0 0
6.16 0 0 0 0 0 0 0 0
6.17 0 0 0 0 0 0 0 0
6.18 0 0 0 0 0 0 0 0
6.19 0 0 0 0 0 0 0 0
6.2 0 0 0 0 0 0 0 0
6.21 0 0 0 0 0 0 0 0
6.22 0 0 0 0 0 0 0 0
6.23 0 0 0 0 0 0 0 0
6.24 0 0 0 0 0 0 0 0
6.25 0 0 0 0 0 0 0 0
6.26 0 0 0 0 0 0 0 0
6.27 0 0 0 0 0 0 0 0
6.28 0 0 0 0 0 0 0 0
6.29 0 0 0 0 0 0 0 0
6.3 0 0 0 0 0 0 0 0
6.31 0 0 0 0 0 0 0 0
6.32 0 0 0 0 0 0 0 0
6.33 0 0 0 0 0 0 0 0
6.34 0 0 0 0 0 0 0 0
6.35 0 0 0 0 0 0 0 0
6.36 0 0 0 0 0 0 0 0
6.37 0 0 0 0 0 0 0 0
6.38 0 0 0 0 0 0 0 0
6.39 0 0 0 0 0 0 0 0
6.4 0 0 0 0 0 0 0 0
6.41 0 0 0 0 0 0 0 0
6.42 0 0 0 0 0 0 0 0
6.43 0 0 0 0 0 0 0 0
6.44 0 0 0 0 0 0 0 0
6.45 0 0 0 0 0 0 0 0
6.46 0 0 0 0 0 0 0 0
6.47 0 0 0 0 0 0 0 0
6.48 0 0 0 0 0 0 0 0
6.49 0 0 0 0 0 0 0 0
6.5 0 0 0 0 0 0 0 0
6.51 0 0 0 0 0 0 0 0
6.52 0 0 0 0 0 0 0 0
6.53 0 0 0 0 0 0 0 0
6.54 0 0 0 0 0 0 0 0
6.55 0 0 0 0 0 0 0 0
6.56 0 0 0 0 0 0 0 0
6.57 0 0 0 0 0 0 0 0
6.58 0 0 0 0 0 0 0 0
6.59 0 0 0 0 0 0 0 0
6.6 0 0 0 0 0 0 0 0
6.61 0 0 0 0 0 0 0 0
6.62 0 0 0 0 0 0 0 0
6.63 0 0 0 0 0 0 0 0
6.64 0 0 0 0 0 0 0 0
6.65 0 0 0 0 0 0 0 0
6.66 0 0 0 0 0 0 0 0
6.67 0 0 0 0 0 0 0 0
6.68 0 0 0 0 0 0 0 0
6.69 0 0 0 0 0 0 0 0
6.7 0 0 0 0 0 0 0 0
6.71 0 0 0 0 0 0 0 0
6.72 0 0 0 0 0 0 0 0
6.73 0 0 0 0 0 0 0 0
6.74 0 0 0 0 0 0 0 0
6.75 0 0 0 0 0 0 0 0
6.76 0 0 0 0 0 0 0 0
6.77 0 0 0 0 0 0 0 0
6.78 0 0 0 0 0 0 0 0
6.79 0 0 0 0 0 0 0 0
6.8 0 0 0 0 0 0 0 0
6.81 0 0 0 0 0 0 0 0
6.82 0 0 0 0 0 0 0 0
6.83 0 0 0 0 0 0 0 0
6.84 0 0 0 0 0 0 0 0
6.85 0 0 0 0 0 0 0 0
6.86 0 0 0 0 0 0 0 0
6.87 0 0 0 0 0 0 0 0
6.88 0 0 0 0 0 0 0 0
6.89 0 0 0 0 0 0 0 0
6.9 0 0 0 0 0 0 0 0
6.91 0 0 0 0 0 0 0 0
6.92 0 0 0 0 0 0 0 0
6.93 0 0 0 0 0 0 0 0
6.94 0 0 0 0 0 0 0 0
6.95 0 0 0 0 0 0 0 0
6.96 0 0 0 0 0 0 0 0
6.97 0 0 0 0 0 0 0 0
6.98 0 0 0 0 0 0 0 0
6.99 0 0 0 0 0 0 0 0
7 0 0 0 0 0 0 0 0
7.01 0 0 0 0 0 0 0 0
7.02 0 0 0 0 0 0 0 0
7.03 0 0 0 0 0 0 0 0
7.04 0 0 0 0 0 0 0 0
7.05 0 0 0 0 0 0 0 0
7.06 0 0 0 0 0 0 0 0
7.07 0 0 0 0 0 0 0 0
7.08 0 0 0 0 0 0 0 0
7.09 0 0 0 0 0 0 0 0
7.1 0 0 0 0 0 0 0 0
7.11 0 0 0 0 0 0 0 0
7.12 0 0 0 0 0 0 0 0
7.13 0 0 0 0 0 0 0 0
7.14 0 0 0 0 0 0 0 0
7.15 0 0 0 0 0 0 0 0
7.16 0 0 0 0 0 0 0 0
7.17 0 0 0 0 0 0 0 0
7.18 0 0 0 0 0 0 0 0
7.19 0 0 0 0 0 0 0 0
7.2 0 0 0 0 0 0 0 0
7.21 0 0 0 0 0 0 0 0
7.22 0 0 0 0 0 0 0 0
7.23 0 0 0 0 0 0 0 0
7.24 0 0 0 0 0 0 0 0
7.25 0 0 0 0 0 0 0 0
7.26 0 0 0 0 0 0 0 0
7.27 0 0 0 0 0 0 0 0
7.28 0 0 0 0 0 0 0 0
7.29 0 0 0 0 0 0 0 0
7.3 0 0 0 0 0 0 0 0
7.31 0 0 0 0 0 0 0 0
7.32 0 0 0 0 0 0 0 0
7.33 0 0 0 0 0 0 0 0
7.34 0 0 0 0 0 0 0 0
7.35 0 0 0 0 0 0 0 0
7.36 0 0 0 0 0 0 0 0
7.37 0 0 0 0 0 0 0 0
7.38 0 0 0 0 0 0 0 0
7.39 0 0 0 0 0 0 0 0
7.4 0 0 0 0 0 0 0 0
7.41 0 0 0 0 0 0 0 0
7.42 0 0 0 0 0 0 0 0
7.43 0 0 0 0 0 0 0 0
7.44 0 0 0 0 0 0 0 0
7.45 0 0 0 0 0 0 0 0
7.46 0 0 0 0 0 0 0 0
7.47 0 0 0 0 0 0 0 0
7.48 0 0 0 0 0 0 0 0
7.49 0 0 0 0 0 0 0 0
7.5 0 0 0 0 0 0 0 0
7.51 0 0 0 0 0 0 0 0
7.52 0 0 0 0 0 0 0 0
7.53 0 0 0 0 0 0 0 0
7.54 0 0 0 0 0 0 0 0
7.55 0 0 0 0 0 0 0 0
7.56 0 0 0 0 0 0 0 0
7.57 0 0 0 0 0 0 0 0
7.58 0 0 0 0 0 0 0 0
7.59 0 0 0 0 0 0 0 0
7.6 0 0 0 0 0 0 0 0
7.61 0 0 0 0 0 0 0 0
7.62 0 0 0 0 0 0 0 0
7.63 0 0 0 0 0 0 0 0
7.64 0 0 0 0 0 0 0 0
7.65 0 0 0 0 0 0 0 0
7.66 0 0 0 0 0 0 0 0
7.67 0 0 0 0 0 0 0 0
7.68 0 0 0 0 0 0 0 0
7.69 0 0 0 0 0 0 0 0
7.7 0 0 0 0 0 0 0 0
7.71 0 0 0 0 0 0 0 0
7.72 0 0 0 0 0 0 0 0
7.73 0 0 0 0 0 0 0 0
7.74 0 0 0 0 0 0 0 0
7.75 0 0 0 0 0 0 0 0
7.76 0 0 0 0 0 0 0 0
7.77 0 0 0 0 0 0 0 0
7.78 0 0 0 0 0 0 0 0
7.79 0 0 0 0 0 0 0 0
7.8 0 0 0 0 0 0 0 0
7.81 0 0 0 0 0 0 0 0
7.82 0 0 0 0 0 0 0 0
7.83 0 0 0 0 0 0 0 0
7.84 0 0 0 0 0 0 0 0
7.85 0 0 0 0 0 0 0 0
7.86 0 0 0 0 0 0 0 0
7.87 0 0 0 0 0 0 0 0
7.88 0 0 0 0 0 0 0 0
7.89 0 0 0 0 0 0 0 0
7.9 0 0 0 0 0 0 0 0
7.91 0 0 0 0 0 0 0 0
7.92 0 0 0 0 0 0 0 0
7.93 0 0 0 0 0 0 0 0
7.94 0 0 0 0 0 0 0 0
7.95 0 0 0 0 0 0 0 0
7.96 0 0 0 0 0 0 0 0
7.97 0 0 0 0 0 0 0 0
7.98 0 0 0 0 0 0 0 0
7.99 0 0 0 0 0 0 0 0
8 0 0 0 0 0 0 0 0
8.01 0 0 0 0 0 0 0 0
8.02 0 0 0 0 0 0 0 0
8.03 0 0 0 0 0 0 0 0
8.04 0 0 0 0 0 0 0 0
8.05 0 0 0 0 0 0 0 0
8.06 0 0 0 0 0 0 0 0
8.07 0 0 0 0 0 0 0 0
8.08 0 0 0 0 0 0 0 0
8.09 0 0 0 0 0 0 0 0
8.1 0 0 0 0 0 0 0 0
8.11 0 0 0 0 0 0 0 0
8.12 0 0 0 0 0 0 0 0
8.13 0 0 0 0 0 0 0 0
8.14 0 0 0 0 0 0 0 0
8.15 0 0 0 0 0 0 0 0
8.16 0 0 0 0 0 0 0 0
8.17 0 0 0 0 0 0 0 0
8.18 0 0 0 0 0 0 0 0
8.19 0 0 0 0 0 0 0 0
8.2 0 0 0 0 0 0 0 0
8.21 0 0 0 0 0 0 0 0
8.22 0 0 0 0 0 0 0 0
8.23 0 0 0 0 0 0 0 0
8.24 0 0 0 0 0 0 0 0
8.25 0 0 0 0 0 0 0 0
8.26 0 0 0 0 0 0 0 0
8.27 0 0 0 0 0 0 0 0
8.28 0 0 0 0 0 0 0 0
8.29 0 0 0 0 0 0 0 0
8.3 0 0 0 0 0 0 0 0
8.31 0 0 0 0 0 0 0 0
8.32 0 0 0 0 0 0 0 0
8.33 0 0 0 0 0 0 0 0
8.34 0 0 0 0 0 0 0 0
8.35 0 0 0 0 0 0 0 0
8.36 0 0 0 0 0 0 0 0
8.37 0 0 0 0 0 0 0 0
8.38 0 0 0 0 0 0 0 0
8.39 0 0 0 0 0 0 0 0
8.4 0 0 0 0 0 0 0 0
8.41 0 0 0 0 0 0 0 0
8.42 0 0 0 0 0 0 0 0
8.43 0 0 0 0 0 0 0 0
8.44 0 0 0 0 0 0 0 0
8.45 0 0 0 0 0 0 0 0
8.46 0 0 0 0 0 0 0 0
8.47 0 0 0 0 0 0 0 0
8.48 0 0 0 0 0 0 0 0
8.49 0 0 0 0 0 0 0 0
8.5 0 0 0 0 0 0 0 0
8.51 0 0 0 0 0 0 0 0
8.52 0 0 0 0 0 0 0 0
8.53 0 0 0 0 0 0 0 0
8.54 0 0 0 0 0 0 0 0
8.55 0 0 0 0 0 0 0 0
8.56 0 0 0 0 0 0 0 0
8.57 0 0 0 0 0 0 0 0
8.58 0 0 0 0 0 0 0 0
8.59 0 0 0 0 0 0 0 0
8.6 0 0 0 0 0 0 0 0
8.61 0 0 0 0 0 0 0 0
8.62 0 0 0 0 0 0 0 0
8.63 0 0 0 0 0 0 0 0
8.64 0 0 0 0 0 0 0 0
8.65 0 0 0 0 0 0 0 0
8.66 0 0 0 0 0 0 0 0
8.67 0 0 0 0 0 0 0 0
8.68 0 0 0 0 0 0 0 0
8.69 0 0 0 0 0 0 0 0
8.7 0 0 0 0 0 0 0 0
8.71 0 0 0 0 0 0 0 0
8.72 0 0 0 0 0 0 0 0
8.73 0 0 0 0 0 0 0 0
8.74 0 0 0 0 0 0 0 0
8.75 0 0 0 0 0 0 0 0
8.76 0 0 0 0 0 0 0 0
8.77 0 0 0 0 0 0 0 0
8.78 0 0 0 0 0 0 0 0
8.79 0 0 0 0 0 0 0 0
8.8 0 0 0 0 0 0 0 0
8.81 0 0 0 0 0 0 0 0
8.82 0 0 0 0 0 0 0 0
8.83 0 0 0 0 0 0 0 0
8.84 0 0 0 0 0 0 0 0
8.85 0 0 0 0 0 0 0 0
8.86 0 0 0 0 0 0 0 0
8.87 0 0 0 0 0 0 0 0
8.88 0 0 0 0 0 0 0 0
8.89 0 0 0 0 0 0 0 0
8.9 0 0 0 0 0 0 0 0
8.91 0 0 0 0 0 0 0 0
8.92 0 0 0 0 0 0 0 0
8.93 0 0 0 0 0 0 0 0
8.94 0 0 0 0 0 0 0 0
8.95 0 0 0 0 0 0 0 0
8.96 0 0 0 0 0 0 0 0
8.97 0 0 0 0 0 0 0 0
8.98 0 0 0 0 0 0 0 0
8.99 0 0 0 0 0 0 0 0
9 0 0 0 0 0 0 0 0
9.01 0 0 0 0 0 0 0 0
9.02 0 0 0 0 0 0 0 0
9.03 0 0 0 0 0 0 0 0
9.04 0 0 0 0 0 0 0 0
9.05 0 0 0 0 0 0 0 0
9.06 0 0 0 0 0 0 0 0
9.07 0 0 0 0 0 0 0 0
9.08 0 0 0 0 0 0 0 0
9.09 0 0 0 0 0 0 0 0
9.1 0 0 0 0 0 0 0 0
9.11 0 0 0 0 0 0 0 0
9.12 0 0 0 0 0 0 0 0
9.13 0 0 0 0 0 0 0 0
9.14 0 0 0 0 0 0 0 0
9.15 0 0 0 0 0 0 0 0
9.16 0 0 0 0 0 0 0 0
9.17 0 0 0 0 0 0 0 0
9.18 0 0 0 0 0 0 0 0
9.19 0 0 0 0 0 0 0 0
9.2 0 0 0 0 0 0 0 0
9.21 0 0 0 0 0 0 0 0
9.22 0 0 0 0 0 0 0 0
9.23 0 0 0 0 0 0 0 0
9.24 0 0 0 0 0 0 0 0
9.25 0 0 0 0 0 0 0 0
9.26 0 0 0 0 0 0 0 0
9.27 0 0 0 0 0 0 0 0
9.28 0 0 0 0 0 0 0 0
9.29 0 0 0 0 0 0 0 0
9.3 0 0 0 0 0 0 0 0
9.31 0 0 0 0 0 0 0 0
9.32 0 0 0 0 0 0 0 0
9.33 0 0 0 0 0 0 0 0
9.34 0 0 0 0 0 0 0 0
9.35 0 0 0 0 0 0 0 0
9.36 0 0 0 0 0 0 0 0
9.37 0 0 0 0 0 0 0 0
9.38 0 0 0 0 0 0 0 0
9.39 0 0 0 0 0 0 0 0
9.4 0 0 0 0 0 0 0 0
9.41 0 0 0 0 0 0 0 0
9.42 0 0 0 0 0 0 0 0
9.43 0 0 0 0 0 0 0 0
9.44 0 0 0 0 0 0 0 0
9.45 0 0 0 0 0 0 0 0
9.46 0 0 0 0 0 0 0 0
9.47 0 0 0 0 0 0 0 0
9.48 0 0 0 0 0 0 0 0
9.49 0 0 0 0 0 0 0 0
9.5 0 0 0 0 0 0 0 0
9.51 0 0 0 0 0 0 0 0
9.52 0 0 0 0 0 0 0 0
9.53 0 0 0 0 0 0 0 0
9.54 0 0 0 0 0 0 0 0
9.55 0 0 0 0 0 0 0 0
9.56 0 0 0 0 0 0 0 0
9.57 0 0 0 0 0 0 0 0
9.58 0 0 0 0 0 0 0 0
9.59 0 0 0 0 0 0 0 0
9.6 0 0 0 0 0 0 0 0
9.61 0 0 0 0 0 0 0 0
9.62 0 0 0 0 0 0 0 0
9.63 0 0 0 0 0 0 0 0
9.64 0 0 0 0 0 0 0 0
9.65 0 0 0 0 0 0 0 0
9.66 0 0 0 0 0 0 0 0
9.67 0 0 0 0 0 0 0 0
9.68 0 0 0 0 0 0 0 0
9.69 0 0 0 0 0 0 0 0
9.7 0 0 0 0 0 0 0 0
9.71 0 0 0 0 0 0 0 0
9.72 0 0 0 0 0 0 0 0
9.73 0 0 0 0 0 0 0 0
9.74 0 0 0 0 0 0 0 0
9.75 0 0 0 0 0 0 0 0
9.76 0 0 0 0 0 0 0 0
9.77 0 0 0 0 0 0 0 0
9.78 0 0 0 0 0 0 0 0
9.79 0 0 0 0 0 0 0 0
9.8 0 0 0 0 0 0 0 0
9.81 0 0 0 0 0 0 0 0
9.82 0 0 0 0 0 0 0 0
9.83 0 0 0 0 0 0 0 0
9.84 0 0 0 0 0 0 0 0
9.85 0 0 0 0 0 0 0 0
9.86 0 0 0 0 0 0 0 0
9.87 0 0 0 0 0 0 0 0
9.88 0 0 0 0 0 0 0 0
9.89 0 0 0 0 0 0 0 0
9.9 0 0 0 0 0 0 0 0
9.91 0 0 0 0 0 0 0 0
9.92 0 0 0 0 0 0 0 0
9.93 0 0 0 0 0 0 0 0
9.94 0 0 0 0 0 0 0 0
9.95 0 0 0 0 0 0 0 0
9.96 0 0 0 0 0 0 0 0
9.97 0 0 0 0 0 0 0 0
9.98 0 0 0 0 0 0 0 0
9.99 0 0 0 0 0 0 0 0
