-10 0 0 0 0 0 0 0 0
-9.99 0 0 0 0 0 0 0 0
-9.98 0 0 0 0 0 0 0 0
-9.97 0 0 0 0 0 0 0 0
-9.96 0 0 0 0 0 0 0 0
-9.95 0 0 0 0 0 0 0 0
-9.94 0 0 0 0 0 0 0 0
-9.93 0 0 0 0 0 0 0 0
-9.92 0 0 0 0 0 0 0 0
-9.91 0 0 0 0 0 0 0 0
-9.9 0 0 0 0 0 0 0 0
-9.89 0 0 0 0 0 0 0 0
-9.88 0 0 0 0 0 0 0 0
-9.87 0 0 0 0 0 0 0 0
-9.86 0 0 0 0 0 0 0 0
-9.85 0 0 0 0 0 0 0 0
-9.84 0 0 0 0 0 0 0 0
-9.83 0 0 0 0 0 0 0 0
-9.82 0 0 0 0 0 0 0 0
-9.81 0 0 0 0 0 0 0 0
-9.8 0 0 0 0 0 0 0 0
-9.79 0 0 0 0 0 0 0 0
-9.78 0 0 0 0 0 0 0 0
-9.77 0 0 0 0 0 0 0 0
-9.76 0 0 0 0 0 0 0 0
-9.75 0 0 0 0 0 0 0 0
-9.74 0 0 0 0 0 0 0 0
-9.73 0 0 0 0 0 0 0 0
-9.72 0 0 0 0 0 0 0 0
-9.71 0 0 0 0 0 0 0 0
-9.7 0 0 0 0 0 0 0 0
-9.69 0 0 0 0 0 0 0 0
-9.68 0 0 0 0 0 0 0 0
-9.67 0 0 0 0 0 0 0 0
-9.66 0 0 0 0 0 0 0 0
-9.65 0 0 0 0 0 0 0 0
-9.64 0 0 0 0 0 0 0 0
-9.63 0 0 0 0 0 0 0 0
-9.62 0 0 0 0 0 0 0 0
-9.61 0 0 0 0 0 0 0 0
-9.6 0 0 0 0 0 0 0 0
-9.59 0 0 0 0 0 0 0 0
-9.58 0 0 0 0 0 0 0 0
-9.57 0 0 0 0 0 0 0 0
-9.56 0 0 0 0 0 0 0 0
-9.55 0 0 0 0 0 0 0 0
-9.54 0 0 0 0 0 0 0 0
-9.53 0 0 0 0 0 0 0 0
-9.52 0 0 0 0 0 0 0 0
-9.51 0 0 0 0 0 0 0 0
-9.5 0 0 0 0 0 0 0 0
-9.49 0 0 0 0 0 0 0 0
-9.48 0 0 0 0 0 0 0 0
-9.47 0 0 0 0 0 0 0 0
-9.46 0 0 0 0 0 0 0 0
-9.45 0 0 0 0 0 0 0 0
-9.44 0 0 0 0 0 0 0 0
-9.43 0 0 0 0 0 0 0 0
-9.42 0 0 0 0 0 0 0 0
-9.41 0 0 0 0 0 0 0 0
-9.4 0 0 0 0 0 0 0 0
-9.39 0 0 0 0 0 0 0 0
-9.38 0 0 0 0 0 0 0 0
-9.37 0 0 0 0 0 0 0 0
-9.36 0 0 0 0 0 0 0 0
-9.35 0 0 0 0 0 0 0 0
-9.34 0 0 0 0 0 0 0 0
-9.33 0 0 0 0 0 0 0 0
-9.32 0 0 0 0 0 0 0 0
-9.31 0 0 0 0 0 0 0 0
-9.3 0 0 0 0 0 0 0 0
-9.29 0 0 0 0 0 0 0 0
-9.28 0 0 0 0 0 0 0 0
-9.27 0 0 0 0 0 0 0 0
-9.26 0 0 0 0 0 0 0 0
-9.25 0 0 0 0 0 0 0 0
-9.24 0 0 0 0 0 0 0 0
-9.23 0 0 0 0 0 0 0 0
-9.22 0 0 0 0 0 0 0 0
-9.21 0 0 0 0 0 0 0 0
-9.2 0 0 0 0 0 0 0 0
-9.19 0 0 0 0 0 0 0 0
-9.18 0 0 0 0 0 0 0 0
-9.17 0 0 0 0 0 0 0 0
-9.16 0 0 0 0 0 0 0 0
-9.15 0 0 0 0 0 0 0 0
-9.14 0 0 0 0 0 0 0 0
-9.13 0 0 0 0 0 0 0 0
-9.12 0 0 0 0 0 0 0 0
-9.11 0 0 0 0 0 0 0 0
-9.1 0 0 0 0 0 0 0 0
-9.09 0 0 0 0 0 0 0 0
-9.08 0 0 0 0 0 0 0 0
-9.07 0 0 0 0 0 0 0 0
-9.06 0 0 0 0 0 0 0 0
-9.05 0 0 0 0 0 0 0 0
-9.04 0 0 0 0 0 0 0 0
-9.03 0 0 0 0 0 0 0 0
-9.02 0 0 0 0 0 0 0 0
-9.01 0 0 0 0 0 0 0 0
-9 0 0 0 0 0 0 0 0
-8.99 0 0 0 0 0 0 0 0
-8.98 0 0 0 0 0 0 0 0
-8.97 0 0 0 0 0 0 0 0
-8.96 0 0 0 0 0 0 0 0
-8.95 0 0 0 0 0 0 0 0
-8.94 0 0 0 0 0 0 0 0
-8.93 0 0 0 0 0 0 0 0
-8.92 0 0 0 0 0 0 0 0
-8.91 0 0 0 0 0 0 0 0
-8.9 0 0 0 0 0 0 0 0
-8.89 0 0 0 0 0 0 0 0
-8.88 0 0 0 0 0 0 0 0
-8.87 0 0 0 0 0 0 0 0
-8.86 0 0 0 0 0 0 0 0
-8.85 0 0 0 0 0 0 0 0
-8.84 0 0 0 0 0 0 0 0
-8.83 0 0 0 0 0 0 0 0
-8.82 0 0 0 0 0 0 0 0
-8.81 0 0 0 0 0 0 0 0
-8.8 0 0 0 0 0 0 0 0
-8.79 0 0 0 0 0 0 0 0
-8.78 0 0 0 0 0 0 0 0
-8.77 0 0 0 0 0 0 0 0
-8.76 0 0 0 0 0 0 0 0
-8.75 0 0 0 0 0 0 0 0
-8.74 0 0 0 0 0 0 0 0
-8.73 0 0 0 0 0 0 0 0
-8.72 0 0 0 0 0 0 0 0
-8.71 0 0 0 0 0 0 0 0
-8.7 0 0 0 0 0 0 0 0
-8.69 0 0 0 0 0 0 0 0
-8.68 0 0 0 0 0 0 0 0
-8.67 0 0 0 0 0 0 0 0
-8.66 0 0 0 0 0 0 0 0
-8.65 0 0 0 0 0 0 0 0
-8.64 0 0 0 0 0 0 0 0
-8.63 0 0 0 0 0 0 0 0
-8.62 0 0 0 0 0 0 0 0
-8.61 0 0 0 0 0 0 0 0
-8.6 0 0 0 0 0 0 0 0
-8.59 0 0 0 0 0 0 0 0
-8.58 0 0 0 0 0 0 0 0
-8.57 0 0 0 0 0 0 0 0
-8.56 0 0 0 0 0 0 0 0
-8.55 0 0 0 0 0 0 0 0
-8.54 0 0 0 0 0 0 0 0
-8.53 0 0 0 0 0 0 0 0
-8.52 0 0 0 0 0 0 0 0
-8.51 0 0 0 0 0 0 0 0
-8.5 0 0 0 0 0 0 0 0
-8.49 0 0 0 0 0 0 0 0
-8.48 0 0 0 0 0 0 0 0
-8.47 0 0 0 0 0 0 0 0
-8.46 0 0 0 0 0 0 0 0
-8.45 0 0 0 0 0 0 0 0
-8.44 0 0 0 0 0 0 0 0
-8.43 0 0 0 0 0 0 0 0
-8.42 0 0 0 0 0 0 0 0
-8.41 0 0 0 0 0 0 0 0
-8.4 0 0 0 0 0 0 0 0
-8.39 0 0 0 0 0 0 0 0
-8.38 0 0 0 0 0 0 0 0
-8.37 0 0 0 0 0 0 0 0
-8.36 0 0 0 0 0 0 0 0
-8.35 0 0 0 0 0 0 0 0
-8.34 0 0 0 0 0 0 0 0
-8.33 0 0 0 0 0 0 0 0
-8.32 0 0 0 0 0 0 0 0
-8.31 0 0 0 0 0 0 0 0
-8.3 0 0 0 0 0 0 0 0
-8.29 0 0 0 0 0 0 0 0
-8.28 0 0 0 0 0 0 0 0
-8.27 0 0 0 0 0 0 0 0
-8.26 0 0 0 0 0 0 0 0
-8.25 0 0 0 0 0 0 0 0
-8.24 0 0 0 0 0 0 0 0
-8.23 0 0 0 0 0 0 0 0
-8.22 0 0 0 0 0 0 0 0
-8.21 0 0 0 0 0 0 0 0
-8.2 0 0 0 0 0 0 0 0
-8.19 0 0 0 0 0 0 0 0
-8.18 0 0 0 0 0 0 0 0
-8.17 0 0 0 0 0 0 0 0
-8.16 0 0 0 0 0 0 0 0
-8.15 0 0 0 0 0 0 0 0
-8.14 0 0 0 0 0 0 0 0
-8.13 0 0 0 0 0 0 0 0
-8.12 0 0 0 0 0 0 0 0
-8.11 0 0 0 0 0 0 0 0
-8.1 0 0 0 0 0 0 0 0
-8.09 0 0 0 0 0 0 0 0
-8.08 0 0 0 0 0 0 0 0
-8.07 0 0 0 0 0 0 0 0
-8.06 0 0 0 0 0 0 0 0
-8.05 0 0 0 0 0 0 0 0
-8.04 0 0 0 0 0 0 0 0
-8.03 0 0 0 0 0 0 0 0
-8.02 0 0 0 0 0 0 0 0
-8.01 0 0 0 0 0 0 0 0
-8 0 0 0 0 0 0 0 0
-7.99 0 0 0 0 0 0 0 0
-7.98 0 0 0 0 0 0 0 0
-7.97 0 0 0 0 0 0 0 0
-7.96 0 0 0 0 0 0 0 0
-7.95 0 0 0 0 0 0 0 0
-7.94 0 0 0 0 0 0 0 0
-7.93 0 0 0 0 0 0 0 0
-7.92 0 0 0 0 0 0 0 0
-7.91 0 0 0 0 0 0 0 0
-7.9 0 0 0 0 0 0 0 0
-7.89 0 0 0 0 0 0 0 0
-7.88 0 0 0 0 0 0 0 0
-7.87 0 0 0 0 0 0 0 0
-7.86 0 0 0 0 0 0 0 0
-7.85 0 0 0 0 0 0 0 0
-7.84 0 0 0 0 0 0 0 0
-7.83 0 0 0 0 0 0 0 0
-7.82 0 0 0 0 0 0 0 0
-7.81 0 0 0 0 0 0 0 0
-7.8 0 0 0 0 0 0 0 0
-7.79 0 0 0 0 0 0 0 0
-7.78 0 0 0 0 0 0 0 0
-7.77 0 0 0 0 0 0 0 0
-7.76 0 0 0 0 0 0 0 0
-7.75 0 0 0 0 0 0 0 0
-7.74 0 0 0 0 0 0 0 0
-7.73 0 0 0 0 0 0 0 0
-7.72 0 0 0 0 0 0 0 0
-7.71 0 0 0 0 0 0 0 0
-7.7 0 0 0 0 0 0 0 0
-7.69 0 0 0 0 0 0 0 0
-7.68 0 0 0 0 0 0 0 0
-7.67 0 0 0 0 0 0 0 0
-7.66 0 0 0 0 0 0 0 0
-7.65 0 0 0 0 0 0 0 0
-7.64 0 0 0 0 0 0 0 0
-7.63 0 0 0 0 0 0 0 0
-7.62 0 0 0 0 0 0 0 0
-7.61 0 0 0 0 0 0 0 0
-7.6 0 0 0 0 0 0 0 0
-7.59 0 0 0 0 0 0 0 0
-7.58 0 0 0 0 0 0 0 0
-7.57 0 0 0 0 0 0 0 0
-7.56 0 0 0 0 0 0 0 0
-7.55 0 0 0 0 0 0 0 0
-7.54 0 0 0 0 0 0 0 0
-7.53 0 0 0 0 0 0 0 0
-7.52 0 0 0 0 0 0 0 0
-7.51 0 0 0 0 0 0 0 0
-7.5 0 0 0 0 0 0 0 0
-7.49 0 0 0 0 0 0 0 0
-7.48 0 0 0 0 0 0 0 0
-7.47 0 0 0 0 0 0 0 0
-7.46 0 0 0 0 0 0 0 0
-7.45 0 0 0 0 0 0 0 0
-7.44 0 0 0 0 0 0 0 0
-7.43 0 0 0 0 0 0 0 0
-7.42 0 0 0 0 0 0 0 0
-7.41 0 0 0 0 0 0 0 0
-7.4 0 0 0 0 0 0 0 0
-7.39 0 0 0 0 0 0 0 0
-7.38 0 0 0 0 0 0 0 0
-7.37 0 0 0 0 0 0 0 0
-7.36 0 0 0 0 0 0 0 0
-7.35 0 0 0 0 0 0 0 0
-7.34 0 0 0 0 0 0 0 0
-7.33 0 0 0 0 0 0 0 0
-7.32 0 0 0 0 0 0 0 0
-7.31 0 0 0 0 0 0 0 0
-7.3 0 0 0 0 0 0 0 0
-7.29 0 0 0 0 0 0 0 0
-7.28 0 0 0 0 0 0 0 0
-7.27 0 0 0 0 0 0 0 0
-7.26 0 0 0 0 0 0 0 0
-7.25 0 0 0 0 0 0 0 0
-7.24 0 0 0 0 0 0 0 0
-7.23 0 0 0 0 0 0 0 0
-7.22 0 0 0 0 0 0 0 0
-7.21 0 0 0 0 0 0 0 0
-7.2 0 0 0 0 0 0 0 0
-7.19 0 0 0 0 0 0 0 0
-7.18 0 0 0 0 0 0 0 0
-7.17 0 0 0 0 0 0 0 0
-7.16 0 0 0 0 0 0 0 0
-7.15 0 0 0 0 0 0 0 0
-7.14 0 0 0 0 0 0 0 0
-7.13 0 0 0 0 0 0 0 0
-7.12 0 0 0 0 0 0 0 0
-7.11 0 0 0 0 0 0 0 0
-7.1 0 0 0 0 0 0 0 0
-7.09 0 0 0 0 0 0 0 0
-7.08 0 0 0 0 0 0 0 0
-7.07 0 0 0 0 0 0 0 0
-7.06 0 0 0 0 0 0 0 0
-7.05 0 0 0 0 0 0 0 0
-7.04 0 0 0 0 0 0 0 0
-7.03 0 0 0 0 0 0 0 0
-7.02 0 0 0 0 0 0 0 0
-7.01 0 0 0 0 0 0 0 0
-7 0 0 0 0 0 0 0 0
-6.99 0 0 0 0 0 0 0 0
-6.98 0 0 0 0 0 0 0 0
-6.97 0 0 0 0 0 0 0 0
-6.96 0 0 0 0 0 0 0 0
-6.95 0 0 0 0 0 0 0 0
-6.94 0 0 0 0 0 0 0 0
-6.93 0 0 0 0 0 0 0 0
-6.92 0 0 0 0 0 0 0 0
-6.91 0 0 0 0 0 0 0 0
-6.9 0 0 0 0 0 0 0 0
-6.89 0 0 0 0 0 0 0 0
-6.88 0 0 0 0 0 0 0 0
-6.87 0 0 0 0 0 0 0 0
-6.86 0 0 0 0 0 0 0 0
-6.85 0 0 0 0 0 0 0 0
-6.84 0 0 0 0 0 0 0 0
-6.83 0 0 0 0 0 0 0 0
-6.82 0 0 0 0 0 0 0 0
-6.81 0 0 0 0 0 0 0 0
-6.8 0 0 0 0 0 0 0 0
-6.79 0 0 0 0 0 0 0 0
-6.78 0 0 0 0 0 0 0 0
-6.77 0 0 0 0 0 0 0 0
-6.76 0 0 0 0 0 0 0 0
-6.75 0 0 0 0 0 0 0 0
-6.74 0 0 0 0 0 0 0 0
-6.73 0 0 0 0 0 0 0 0
-6.72 0 0 0 0 0 0 0 0
-6.71 0 0 0 0 0 0 0 0
-6.7 0 0 0 0 0 0 0 0
-6.69 0 0 0 0 0 0 0 0
-6.68 0 0 0 0 0 0 0 0
-6.67 0 0 0 0 0 0 0 0
-6.66 0 0 0 0 0 0 0 0
-6.65 0 0 0 0 0 0 0 0
-6.64 0 0 0 0 0 0 0 0
-6.63 0 0 0 0 0 0 0 0
-6.62 0 0 0 0 0 0 0 0
-6.61 0 0 0 0 0 0 0 0
-6.6 0 0 0 0 0 0 0 0
-6.59 0 0 0 0 0 0 0 0
-6.58 0 0 0 0 0 0 0 0
-6.57 0 0 0 0 0 0 0 0
-6.56 0 0 0 0 0 0 0 0
-6.55 0 0 0 0 0 0 0 0
-6.54 0 0 0 0 0 0 0 0
-6.53 0 0 0 0 0 0 0 0
-6.52 0 0 0 0 0 0 0 0
-6.51 0 0 0 0 0 0 0 0
-6.5 0 0 0 0 0 0 0 0
-6.49 0 0 0 0 0 0 0 0
-6.48 0 0 0 0 0 0 0 0
-6.47 0 0 0 0 0 0 0 0
-6.46 0 0 0 0 0 0 0 0
-6.45 0 0 0 0 0 0 0 0
-6.44 0 0 0 0 0 0 0 0
-6.43 0 0 0 0 0 0 0 0
-6.42 0 0 0 0 0 0 0 0
-6.41 0 0 0 0 0 0 0 0
-6.4 0 0 0 0 0 0 0 0
-6.39 0 0 0 0 0 0 0 0
-6.38 0 0 0 0 0 0 0 0
-6.37 0 0 0 0 0 0 0 0
-6.36 0 0 0 0 0 0 0 0
-6.35 0 0 0 0 0 0 0 0
-6.34 0 0 0 0 0 0 0 0
-6.33 0 0 0 0 0 0 0 0
-6.32 0 0 0 0 0 0 0 0
-6.31 0 0 0 0 0 0 0 0
-6.3 0 0 0 0 0 0 0 0
-6.29 0 0 0 0 0 0 0 0
-6.28 0 0 0 0 0 0 0 0
-6.27 0 0 0 0 0 0 0 0
-6.26 0 0 0 0 0 0 0 0
-6.25 0 0 0 0 0 0 0 0
-6.24 0 0 0 0 0 0 0 0
-6.23 0 0 0 0 0 0 0 0
-6.22 0 0 0 0 0 0 0 0
-6.21 0 0 0 0 0 0 0 0
-6.2 0 0 0 0 0 0 0 0
-6.19 0 0 0 0 0 0 0 0
-6.18 0 0 0 0 0 0 0 0
-6.17 0 0 0 0 0 0 0 0
-6.16 0 0 0 0 0 0 0 0
-6.15 0 0 0 0 0 0 0 0
-6.14 0 0 0 0 0 0 0 0
-6.13 0 0 0 0 0 0 0 0
-6.12 0 0 0 0 0 0 0 0
-6.11 0 0 0 0 0 0 0 0
-6.1 0 0 0 0 0 0 0 0
-6.09 0 0 0 0 0 0 0 0
-6.08 0 0 0 0 0 0 0 0
-6.07 0 0 0 0 0 0 0 0
-6.06 0 0 0 0 0 0 0 0
-6.05 0 0 0 0 0 0 0 0
-6.04 0 0 0 0 0 0 0 0
-6.03 0 0 0 0 0 0 0 0
-6.02 0 0 0 0 0 0 0 0
-6.01 0 0 0 0 0 0 0 0
-6 0 0 0 0 0 0 0 0
-5.99 0 0 0 0 0 0 0 0
-5.98 0 0 0 0 0 0 0 0
-5.97 0 0 0 0 0 0 0 0
-5.96 0 0 0 0 0 0 0 0
-5.95 0 0 0 0 0 0 0 0
-5.94 0 0 0 0 0 0 0 0
-5.93 0 0 0 0 0 0 0 0
-5.92 0 0 0 0 0 0 0 0
-5.91 0 0 0 0 0 0 0 0
-5.9 0 0 0 0 0 0 0 0
-5.89 0 0 0 0 0 0 0 0
-5.88 0 0 0 0 0 0 0 0
-5.87 0 0 0 0 0 0 0 0
-5.86 0 0 0 0 0 0 0 0
-5.85 0 0 0 0 0 0 0 0
-5.84 0 0 0 0 0 0 0 0
-5.83 0 0 0 0 0 0 0 0
-5.82 0 0 0 0 0 0 0 0
-5.81 0 0 0 0 0 0 0 0
-5.8 0 0 0 0 0 0 0 0
-5.79 0 0 0 0 0 0 0 0
-5.78 0 0 0 0 0 0 0 0
-5.77 0 0 0 0 0 0 0 0
-5.76 0 0 0 0 0 0 0 0
-5.75 0 0 0 0 0 0 0 0
-5.74 0 0 0 0 0 0 0 0
-5.73 0 0 0 0 0 0 0 0
-5.72 0 0 0 0 0 0 0 0
-5.71 0 0 0 0 0 0 0 0
-5.7 0 0 0 0 0 0 0 0
-5.69 0 0 0 0 0 0 0 0
-5.68 0 0 0 0 0 0 0 0
-5.67 0 0 0 0 0 0 0 0
-5.66 0 0 0 0 0 0 0 0
-5.65 0 0 0 0 0 0 0 0
-5.64 0 0 0 0 0 0 0 0
-5.63 0 0 0 0 0 0 0 0
-5.62 0 0 0 0 0 0 0 0
-5.61 0 0 0 0 0 0 0 0
-5.6 0 0 0 0 0 0 0 0
-5.59 0 0 0 0 0 0 0 0
-5.58 0 0 0 0 0 0 0 0
-5.57 0 0 0 0 0 0 0 0
-5.56 0 0 0 0 0 0 0 0
-5.55 0 0 0 0 0 0 0 0
-5.54 0 0 0 0 0 0 0 0
-5.53 0 0 0 0 0 0 0 0
-5.52 0 0 0 0 0 0 0 0
-5.51 0 0 0 0 0 0 0 0
-5.5 0 0 0 0 0 0 0 0
-5.49 0 0 0 0 0 0 0 0
-5.48 0 0 0 0 0 0 0 0
-5.47 0 0 0 0 0 0 0 0
-5.46 0 0 0 0 0 0 0 0
-5.45 0 0 0 0 0 0 0 0
-5.44 0 0 0 0 0 0 0 0
-5.43 0 0 0 0 0 0 0 0
-5.42 0 0 0 0 0 0 0 0
-5.41 0 0 0 0 0 0 0 0
-5.4 0 0 0 0 0 0 0 0
-5.39 0 0 0 0 0 0 0 0
-5.38 0 0 0 0 0 0 0 0
-5.37 0 0 0 0 0 0 0 0
-5.36 0 0 0 0 0 0 0 0
-5.35 0 0 0 0 0 0 0 0
-5.34 0 0 0 0 0 0 0 0
-5.33 0 0 0 0 0 0 0 0
-5.32 0 0 0 0 0 0 0 0
-5.31 0 0 0 0 0 0 0 0
-5.3 0 0 0 0 0 0 0 0
-5.29 0 0 0 0 0 0 0 0
-5.28 0 0 0 0 0 0 0 0
-5.27 0 0 0 0 0 0 0 0
-5.26 0 0 0 0 0 0 0 0
-5.25 0 0 0 0 0 0 0 0
-5.24 0 0 0 0 0 0 0 0
-5.23 0 0 0 0 0 0 0 0
-5.22 0 0 0 0 0 0 0 0
-5.21 0 0 0 0 0 0 0 0
-5.2 0 0 0 0 0 0 0 0
-5.19 0 0 0 0 0 0 0 0
-5.18 0 0 0 0 0 0 0 0
-5.17 0 0 0 0 0 0 0 0
-5.16 0 0 0 0 0 0 0 0
-5.15 0 0 0 0 0 0 0 0
-5.14 0 0 0 0 0 0 0 0
-5.13 0 0 0 0 0 0 0 0
-5.12 0 0 0 0 0 0 0 0
-5.11 0 0 0 0 0 0 0 0
-5.1 0 0 0 0 0 0 0 0
-5.09 0 0 0 0 0 0 0 0
-5.08 0 0 0 0 0 0 0 0
-5.07 0 0 0 0 0 0 0 0
-5.06 0 0 0 0 0 0 0 0
-5.05 0 0 0 0 0 0 0 0
-5.04 0 0 0 0 0 0 0 0
-5.03 0 0 0 0 0 0 0 0
-5.02 0 0 0 0 0 0 0 0
-5.01 0 0 0 0 0 0 0 0
-5 0 0 0 0 0 0 0 0
-4.99 0 0 0 0 0 0 0 0
-4.98 0 0 0 0 0 0 0 0
-4.97 0 0 0 0 0 0 0 0
-4.96 0 0 0 0 0 0 0 0
-4.95 0 0 0 0 0 0 0 0
-4.94 0 0 0 0 0 0 0 0
-4.93 0 0 0 0 0 0 0 0
-4.92 0 0 0 0 0 0 0 0
-4.91 0 0 0 0 0 0 0 0
-4.9 0 0 0 0 0 0 0 0
-4.89 0 0 0 0 0 0 0 0
-4.88 0 0 0 0 0 0 0 0
-4.87 0 0 0 0 0 0 0 0
-4.86 0 0 0 0 0 0 0 0
-4.85 0 0 0 0 0 0 0 0
-4.84 0 0 0 0 0 0 0 0
-4.83 0 0 0 0 0 0 0 0
-4.82 0 0 0 0 0 0 0 0
-4.81 0 0 0 0 0 0 0 0
-4.8 0 0 0 0 0 0 0 0
-4.79 0 0 0 0 0 0 0 0
-4.78 0 0 0 0 0 0 0 0
-4.77 0 0 0 0 0 0 0 0
-4.76 0 0 0 0 0 0 0 0
-4.75 0 0 0 0 0 0 0 0
-4.74 0 0 0 0 0 0 0 0
-4.73 0 0 0 0 0 0 0 0
-4.72 0 0 0 0 0 0 0 0
-4.71 0 0 0 0 0 0 0 0
-4.7 0 0 0 0 0 0 0 0
-4.69 0 0 0 0 0 0 0 0
-4.68 0 0 0 0 0 0 0 0
-4.67 0 0 0 0 0 0 0 0
-4.66 0 0 0 0 0 0 0 0
-4.65 0 0 0 0 0 0 0 0
-4.64 0 0 0 0 0 0 0 0
-4.63 0 0 0 0 0 0 0 0
-4.62 0 0 0 0 0 0 0 0
-4.61 0 0 0 0 0 0 0 0
-4.6 0 0 0 0 0 0 0 0
-4.59 0 0 0 0 0 0 0 0
-4.58 0 0 0 0 0 0 0 0
-4.57 0 0 0 0 0 0 0 0
-4.56 0 0 0 0 0 0 0 0
-4.55 0 0 0 0 0 0 0 0
-4.54 0 0 0 0 0 0 0 0
-4.53 0 0 0 0 0 0 0 0
-4.52 0 0 0 0 0 0 0 0
-4.51 0 0 0 0 0 0 0 0
-4.5 0 0 0 0 0 0 0 0
-4.49 0 0 0 0 0 0 0 0
-4.48 0 0 0 0 0 0 0 0
-4.47 0 0 0 0 0 0 0 0
-4.46 0 0 0 0 0 0 0 0
-4.45 0 0 0 0 0 0 0 0
-4.44 0 0 0 0 0 0 0 0
-4.43 0 0 0 0 0 0 0 0
-4.42 0 0 0 0 0 0 0 0
-4.41 0 0 0 0 0 0 0 0
-4.4 0 0 0 0 0 0 0 0
-4.39 0 0 0 0 0 0 0 0
-4.38 0 0 0 0 0 0 0 0
-4.37 0 0 0 0 0 0 0 0
-4.36 0 0 0 0 0 0 0 0
-4.35 0 0 0 0 0 0 0 0
-4.34 0 0 0 0 0 0 0 0
-4.33 0 0 0 0 0 0 0 0
-4.32 0 0 0 0 0 0 0 0
-4.31 0 0 0 0 0 0 0 0
-4.3 0 0 0 0 0 0 0 0
-4.29 0 0 0 0 0 0 0 0
-4.28 0 0 0 0 0 0 0 0
-4.27 0 0 0 0 0 0 0 0
-4.26 0 0 0 0 0 0 0 0
-4.25 0 0 0 0 0 0 0 0
-4.24 0 0 0 0 0 0 0 0
-4.23 0 0 0 0 0 0 0 0
-4.22 0 0 0 0 0 0 0 0
-4.21 0 0 0 0 0 0 0 0
-4.2 0 0 0 0 0 0 0 0
-4.19 0 0 0 0 0 0 0 0
-4.18 0 0 0 0 0 0 0 0
-4.17 0 0 0 0 0 0 0 0
-4.16 0 0 0 0 0 0 0 0
-4.15 0 0 0 0 0 0 0 0
-4.14 0 0 0 0 0 0 0 0
-4.13 0 0 0 0 0 0 0 0
-4.12 0 0 0 0 0 0 0 0
-4.11 0 0 0 0 0 0 0 0
-4.1 0 0 0 0 0 0 0 0
-4.09 0 0 0 0 0 0 0 0
-4.08 0 0 0 0 0 0 0 0
-4.07 0 0 0 0 0 0 0 0
-4.06 0 0 0 0 0 0 0 0
-4.05 0 0 0 0 0 0 0 0
-4.04 0 0 0 0 0 0 0 0
-4.03 0 0 0 0 0 0 0 0
-4.02 0 0 0 0 0 0 0 0
-4.01 0 0 0 0 0 0 0 0
-4 0 0 0 0 0 0 0 0
-3.99 0 0 0 0 0 0 0 0
-3.98 0 0 0 0 0 0 0 0
-3.97 0 0 0 0 0 0 0 0
-3.96 0 0 0 0 0 0 0 0
-3.95 0 0 0 0 0 0 0 0
-3.94 0 0 0 0 0 0 0 0
-3.93 0 0 0 0 0 0 0 0
-3.92 0 0 0 0 0 0 0 0
-3.91 0 0 0 0 0 0 0 0
-3.9 0 0 0 0 0 0 0 0
-3.89 0 0 0 0 0 0 0 0
-3.88 0 0 0 0 0 0 0 0
-3.87 0 0 0 0 0 0 0 0
-3.86 0 0 0 0 0 0 0 0
-3.85 0 0 0 0 0 0 0 0
-3.84 0 0 0 0 0 0 0 0
-3.83 0 0 0 0 0 0 0 0
-3.82 0 0 0 0 0 0 0 0
-3.81 0 0 0 0 0 0 0 0
-3.8 0 0 0 0 0 0 0 0
-3.79 0 0 0 0 0 0 0 0
-3.78 0 0 0 0 0 0 0 0
-3.77 0 0 0 0 0 0 0 0
-3.76 0 0 0 0 0 0 0 0
-3.75 0 0 0 0 0 0 0 0
-3.74 0 0 0 0 0 0 0 0
-3.73 0 0 0 0 0 0 0 0
-3.72 0 0 0 0 0 0 0 0
-3.71 0 0 0 0 0 0 0 0
-3.7 0 0 0 0 0 0 0 0
-3.69 0 0 0 0 0 0 0 0
-3.68 0 0 0 0 0 0 0 0
-3.67 0 0 0 0 0 0 0 0
-3.66 0 0 0 0 0 0 0 0
-3.65 0 0 0 0 0 0 0 0
-3.64 0 0 0 0 0 0 0 0
-3.63 0 0 0 0 0 0 0 0
-3.62 0 0 0 0 0 0 0 0
-3.61 0 0 0 0 0 0 0 0
-3.6 0 0 0 0 0 0 0 0
-3.59 0 0 0 0 0 0 0 0
-3.58 0 0 0 0 0 0 0 0
-3.57 0 0 0 0 0 0 0 0
-3.56 0 0 0 0 0 0 0 0
-3.55 0 0 0 0 0 0 0 0
-3.54 0 0 0 0 0 0 0 0
-3.53 0 0 0 0 0 0 0 0
-3.52 0 0 0 0 0 0 0 0
-3.51 0 0 0 0 0 0 0 0
-3.5 0 0 0 0 0 0 0 0
-3.49 0 0 0 0 0 0 0 0
-3.48 0 0 0 0 0 0 0 0
-3.47 0 0 0 0 0 0 0 0
-3.46 0 0 0 0 0 0 0 0
-3.45 0 0 0 0 0 0 0 0
-3.44 0 0 0 0 0 0 0 0
-3.43 0 0 0 0 0 0 0 0
-3.42 0 0 0 0 0 0 0 0
-3.41 0 0 0 0 0 0 0 0
-3.4 0 0 0 0 0 0 0 0
-3.39 0 0 0 0 0 0 0 0
-3.38 0 0 0 0 0 0 0 0
-3.37 0 0 0 0 0 0 0 0
-3.36 0 0 0 0 0 0 0 0
-3.35 0 0 0 0 0 0 0 0
-3.34 0 0 0 0 0 0 0 0
-3.33 0 0 0 0 0 0 0 0
-3.32 0 0 0 0 0 0 0 0
-3.31 0 0 0 0 0 0 0 0
-3.3 0 0 0 0 0 0 0 0
-3.29 0 0 0 0 0 0 0 0
-3.28 0 0 0 0 0 0 0 0
-3.27 0 0 0 0 0 0 0 0
-3.26 0 0 0 0 0 0 0 0
-3.25 0 0 0 0 0 0 0 0
-3.24 0 0 0 0 0 0 0 0
-3.23 0 0 0 0 0 0 0 0
-3.22 0 0 0 0 0 0 0 0
-3.21 0 0 0 0 0 0 0 0
-3.2 0 0 0 0 0 0 0 0
-3.19 0 0 0 0 0 0 0 0
-3.18 0 0 0 0 0 0 0 0
-3.17 0 0 0 0 0 0 0 0
-3.16 0 0 0 0 0 0 0 0
-3.15 0 0 0 0 0 0 0 0
-3.14 0 0 0 0 0 0 0 0
-3.13 0 0 0 0 0 0 0 0
-3.12 0 0 0 0 0 0 0 0
-3.11 0 0 0 0 0 0 0 0
-3.1 0 0 0 0 0 0 0 0
-3.09 0 0 0 0 0 0 0 0
-3.08 0 0 0 0 0 0 0 0
-3.07 0 0 0 0 0 0 0 0
-3.06 0 0 0 0 0 0 0 0
-3.05 0 0 0 0 0 0 0 0
-3.04 0 0 0 0 0 0 0 0
-3.03 0 0 0 0 0 0 0 0
-3.02 0 0 0 0 0 0 0 0
-3.01 0 0 0 0 0 0 0 0
-3 0 0 0 0 0 0 0 0
-2.99 0 0 0 0 0 0 0 0
-2.98 0 0 0 0 0 0 0 0
-2.97 0 0 0 0 0 0 0 0
-2.96 0 0 0 0 0 0 0 0
-2.95 0 0 0 0 0 0 0 0
-2.94 0 0 0 0 0 0 0 0
-2.93 0 0 0 0 0 0 0 0
-2.92 0 0 0 0 0 0 0 0
-2.91 0 0 0 0 0 0 0 0
-2.9 0 0 0 0 0 0 0 0
-2.89 0 0 0 0 0 0 0 0
-2.88 0 0 0 0 0 0 0 0
-2.87 0 0 0 0 0 0 0 0
-2.86 0 0 0 0 0 0 0 0
-2.85 0 0 0 0 0 0 0 0
-2.84 0 0 0 0 0 0 0 0
-2.83 0 0 0 0 0 0 0 0
-2.82 0 0 0 0 0 0 0 0
-2.81 0 0 0 0 0 0 0 0
-2.8 0 0 0 0 0 0 0 0
-2.79 0 0 0 0 0 0 0 0
-2.78 0 0 0 0 0 0 0 0
-2.77 0 0 0 0 0 0 0 0
-2.76 0 0 0 0 0 0 0 0
-2.75 0 0 0 0 0 0 0 0
-2.74 0 0 0 0 0 0 0 0
-2.73 0 0 0 0 0 0 0 0
-2.72 0 0 0 0 0 0 0 0
-2.71 0 0 0 0 0 0 0 0
-2.7 0 0 0 0 0 0 0 0
-2.69 0 0 0 0 0 0 0 0
-2.68 0 0 0 0 0 0 0 0
-2.67 0 0 0 0 0 0 0 0
-2.66 0 0 0 0 0 0 0 0
-2.65 0 0 0 0 0 0 0 0
-2.64 0 0 0 0 0 0 0 0
-2.63 0 0 0 0 0 0 0 0
-2.62 0 0 0 0 0 0 0 0
-2.61 0 0 0 0 0 0 0 0
-2.6 0 0 0 0 0 0 0 0
-2.59 0 0 0 0 0 0 0 0
-2.58 0 0 0 0 0 0 0 0
-2.57 0 0 0 0 0 0 0 0
-2.56 0 0 0 0 0 0 0 0
-2.55 0 0 0 0 0 0 0 0
-2.54 0 0 0 0 0 0 0 0
-2.53 0 0 0 0 0 0 0 0
-2.52 0 0 0 0 0 0 0 0
-2.51 0 0 0 0 0 0 0 0
-2.5 0 0 0 0 0 0 0 0
-2.49 0 0 0 0 0 0 0 0
-2.48 0 0 0 0 0 0 0 0
-2.47 0 0 0 0 0 0 0 0
-2.46 0 0 0 0 0 0 0 0
-2.45 0 0 0 0 0 0 0 0
-2.44 0 0 0 0 0 0 0 0
-2.43 0 0 0 0 0 0 0 0
-2.42 0 0 0 0 0 0 0 0
-2.41 0 0 0 0 0 0 0 0
-2.4 0 0 0 0 0 0 0 0
-2.39 0 0 0 0 0 0 0 0
-2.38 0 0 0 0 0 0 0 0
-2.37 0 0 0 0 0 0 0 0
-2.36 0 0 0 0 0 0 0 0
-2.35 0 0 0 0 0 0 0 0
-2.34 0 0 0 0 0 0 0 0
-2.33 0 0 0 0 0 0 0 0
-2.32 0 0 0 0 0 0 0 0
-2.31 0 0 0 0 0 0 0 0
-2.3 0 0 0 0 0 0 0 0
-2.29 0 0 0 0 0 0 0 0
-2.28 0 0 0 0 0 0 0 0
-2.27 0 0 0 0 0 0 0 0
-2.26 0 0 0 0 0 0 0 0
-2.25 0 0 0 0 0 0 0 0
-2.24 0 0 0 0 0 0 0 0
-2.23 0 0 0 0 0 0 0 0
-2.22 0 0 0 0 0 0 0 0
-2.21 0 0 0 0 0 0 0 0
-2.2 0 0 0 0 0 0 0 0
-2.19 0 0 0 0 0 0 0 0
-2.18 0 0 0 0 0 0 0 0
-2.17 0 0 0 0 0 0 0 0
-2.16 0 0 0 0 0 0 0 0
-2.15 0 0 0 0 0 0 0 0
-2.14 0 0 0 0 0 0 0 0
-2.13 0 0 0 0 0 0 0 0
-2.12 0 0 0 0 0 0 0 0
-2.11 0 0 0 0 0 0 0 0
-2.1 0 0 0 0 0 0 0 0
-2.09 0 0 0 0 0 0 0 0
-2.08 0 0 0 0 0 0 0 0
-2.07 0 0 0 0 0 0 0 0
-2.06 0 0 0 0 0 0 0 0
-2.05 0 0 0 0 0 0 0 0
-2.04 0 0 0 0 0 0 0 0
-2.03 0 0 0 0 0 0 0 0
-2.02 0 0 0 0 0 0 0 0
-2.01 0 0 0 0 0 0 0 0
-2 0.02296 0.024115 0.024015 0.024185 0.022515 0.025755 0.024315 0.025235
-1.99 0.041095 0.0418 0.042745 0.044 0.042315 0.04414 0.044335 0.04407
-1.98 0.052305 0.05493 0.05428 0.05483 0.05402 0.056285 0.056135 0.05606
-1.97 0.06165 0.06343 0.0638 0.06442 0.06261 0.0662 0.064245 0.066515
-1.96 0.069955 0.071515 0.0717 0.07226 0.072055 0.074745 0.073805 0.076525
-1.95 0.07698 0.080785 0.07856 0.08137 0.078685 0.08134 0.08024 0.083165
-1.94 0.08383 0.085695 0.084665 0.08752 0.086555 0.087565 0.08742 0.088015
-1.93 0.08929 0.090275 0.091115 0.091105 0.09123 0.093345 0.094075 0.0937
-1.92 0.09589 0.095755 0.097275 0.098115 0.098715 0.10073 0.0996 0.10131
-1.91 0.101125 0.10245 0.10164 0.1021 0.103085 0.104825 0.10467 0.105485
-1.9 0.105825 0.106995 0.107045 0.107515 0.10838 0.1097 0.109665 0.11132
-1.89 0.111345 0.112895 0.110365 0.11187 0.11223 0.113875 0.11439 0.114345
-1.88 0.11513 0.116955 0.11465 0.116305 0.117675 0.1186 0.11705 0.119635
-1.87 0.121255 0.120405 0.1205 0.121435 0.121875 0.12201 0.123935 0.123625
-1.86 0.1215 0.125175 0.12227 0.12535 0.126205 0.126425 0.127075 0.12857
-1.85 0.12697 0.12852 0.12635 0.12896 0.12958 0.13143 0.13091 0.131815
-1.84 0.13067 0.131035 0.131655 0.132625 0.133105 0.133475 0.135455 0.136215
-1.83 0.132815 0.134735 0.13322 0.13674 0.136525 0.137485 0.138945 0.136725
-1.82 0.13767 0.139 0.13682 0.139195 0.14021 0.140425 0.13997 0.141165
-1.81 0.14328 0.14328 0.139975 0.143955 0.14354 0.144815 0.142895 0.1448
-1.8 0.144385 0.146425 0.143395 0.145225 0.14729 0.14751 0.14449 0.1487
-1.79 0.14797 0.14726 0.14717 0.14986 0.1507 0.15152 0.148975 0.151875
-1.78 0.15187 0.150855 0.14795 0.15198 0.15204 0.15237 0.154515 0.152335
-1.77 0.15472 0.15674 0.153505 0.15508 0.15632 0.156105 0.15626 0.15684
-1.76 0.15781 0.15646 0.15669 0.157965 0.159015 0.15908 0.15968 0.161135
-1.75 0.158295 0.160965 0.158245 0.161815 0.16132 0.162635 0.16184 0.16427
-1.74 0.16288 0.161335 0.162035 0.162345 0.164495 0.165335 0.164955 0.166385
-1.73 0.165035 0.16468 0.16418 0.165155 0.16846 0.16832 0.16629 0.167615
-1.72 0.16855 0.16789 0.165515 0.16716 0.17095 0.17132 0.1706 0.169865
-1.71 0.169535 0.17014 0.16789 0.17196 0.17352 0.17281 0.17133 0.174245
-1.7 0.17356 0.17246 0.17166 0.17508 0.17669 0.17344 0.175745 0.175475
-1.69 0.17495 0.174455 0.174155 0.17636 0.175635 0.176525 0.17735 0.178255
-1.68 0.179555 0.180135 0.17602 0.176765 0.17971 0.178815 0.17824 0.18
-1.67 0.17926 0.17969 0.178775 0.179445 0.18268 0.182185 0.180405 0.182955
-1.66 0.182695 0.182345 0.179755 0.180395 0.184945 0.18255 0.18235 0.18512
-1.65 0.182535 0.18402 0.18255 0.184655 0.186235 0.18492 0.18368 0.18654
-1.64 0.186215 0.186065 0.18619 0.18637 0.187825 0.18696 0.18629 0.189885
-1.63 0.190555 0.18804 0.18647 0.18944 0.19068 0.187845 0.1899 0.191365
-1.62 0.18994 0.189395 0.188215 0.189905 0.192065 0.19208 0.191355 0.192855
-1.61 0.192525 0.192985 0.19022 0.19179 0.193945 0.19292 0.19436 0.19489
-1.6 0.196185 0.19459 0.19164 0.194865 0.19712 0.195225 0.196185 0.198045
-1.59 0.198225 0.19602 0.193925 0.196185 0.19706 0.19591 0.19867 0.19984
-1.58 0.199995 0.19876 0.195895 0.198495 0.201615 0.196375 0.199105 0.20125
-1.57 0.20157 0.20094 0.19849 0.1981 0.20313 0.202145 0.201135 0.20208
-1.56 0.20055 0.20288 0.20041 0.202525 0.205625 0.20312 0.20411 0.203515
-1.55 0.202335 0.203335 0.20312 0.20414 0.205595 0.204175 0.203865 0.206445
-1.54 0.206295 0.205515 0.20257 0.20602 0.207555 0.20598 0.20596 0.20815
-1.53 0.20835 0.209025 0.204275 0.20886 0.210785 0.209545 0.206715 0.21129
-1.52 0.209565 0.20834 0.206035 0.208695 0.210775 0.213815 0.209935 0.21111
-1.51 0.21121 0.21037 0.20858 0.210435 0.213 0.21377 0.210845 0.212815
-1.5 0.21122 0.212 0.21141 0.21273 0.21443 0.213115 0.213175 0.213905
-1.49 0.213705 0.21311 0.212575 0.21287 0.21595 0.217065 0.213065 0.217415
-1.48 0.21773 0.21542 0.21299 0.215875 0.218175 0.21497 0.216 0.21647
-1.47 0.216475 0.218085 0.214975 0.21585 0.21943 0.220185 0.21735 0.21836
-1.46 0.2178 0.21845 0.2158 0.217545 0.21996 0.219655 0.21855 0.220275
-1.45 0.220585 0.219085 0.21636 0.220525 0.22096 0.221635 0.22057 0.221335
-1.44 0.22255 0.22294 0.21857 0.219 0.225445 0.223245 0.223935 0.22266
-1.43 0.22388 0.22453 0.220745 0.223275 0.22754 0.22476 0.22456 0.224125
-1.42 0.226015 0.226035 0.22301 0.224605 0.226695 0.225905 0.22506 0.22594
-1.41 0.22694 0.22778 0.223625 0.22675 0.22934 0.227295 0.22586 0.227895
-1.4 0.22714 0.228195 0.22712 0.2276 0.229455 0.228445 0.228165 0.229785
-1.39 0.22957 0.229385 0.225885 0.22989 0.233805 0.228075 0.2293 0.231965
-1.38 0.23127 0.230385 0.228135 0.23114 0.233125 0.230135 0.23259 0.23068
-1.37 0.23214 0.231765 0.230465 0.231115 0.23292 0.232975 0.231635 0.2335
-1.36 0.233995 0.234365 0.2325 0.231585 0.234995 0.232675 0.23225 0.232705
-1.35 0.233805 0.23325 0.231815 0.23428 0.23707 0.23485 0.233155 0.23723
-1.34 0.237295 0.235395 0.23351 0.235475 0.239955 0.23411 0.234605 0.23622
-1.33 0.237135 0.23604 0.233765 0.23611 0.239155 0.23696 0.23655 0.239375
-1.32 0.23796 0.23739 0.23711 0.2399 0.240855 0.23954 0.23647 0.239365
-1.31 0.239785 0.239575 0.238435 0.238085 0.241865 0.239745 0.24207 0.24124
-1.3 0.242835 0.2418 0.23841 0.241055 0.24416 0.239985 0.238885 0.241945
-1.29 0.241835 0.24408 0.238 0.241225 0.24525 0.2416 0.242785 0.243795
-1.28 0.244095 0.242995 0.241355 0.241265 0.246615 0.242405 0.24298 0.24561
-1.27 0.24621 0.247085 0.245065 0.244805 0.248855 0.243805 0.243905 0.24508
-1.26 0.245455 0.244485 0.24272 0.24436 0.24939 0.247005 0.2457 0.247185
-1.25 0.247265 0.246935 0.244745 0.248085 0.251475 0.246545 0.2469 0.247315
-1.24 0.246575 0.24721 0.246155 0.24852 0.25209 0.24722 0.249465 0.247935
-1.23 0.250515 0.247705 0.24741 0.250885 0.252955 0.249055 0.248805 0.25073
-1.22 0.25049 0.25104 0.249265 0.25142 0.25231 0.25071 0.25277 0.2511
-1.21 0.254165 0.25073 0.25025 0.251455 0.25509 0.250575 0.251065 0.252915
-1.2 0.251485 0.25416 0.25031 0.25368 0.257095 0.25222 0.25223 0.253275
-1.19 0.25414 0.25273 0.25266 0.25583 0.25509 0.25403 0.25255 0.25504
-1.18 0.2572 0.25483 0.252905 0.256835 0.258965 0.25291 0.253795 0.25655
-1.17 0.25898 0.257735 0.253495 0.2558 0.258765 0.25957 0.256545 0.256725
-1.16 0.256395 0.25872 0.255235 0.256645 0.26105 0.257555 0.25807 0.25874
-1.15 0.258755 0.2585 0.25767 0.259645 0.26029 0.25804 0.26123 0.25871
-1.14 0.261265 0.261455 0.25854 0.258885 0.264515 0.259145 0.2585 0.25951
-1.13 0.25995 0.26149 0.258605 0.257635 0.262375 0.260145 0.261575 0.260815
-1.12 0.26185 0.260595 0.26162 0.26279 0.2647 0.261945 0.26169 0.262865
-1.11 0.26248 0.265655 0.25913 0.261565 0.26471 0.261365 0.263335 0.261455
-1.1 0.265355 0.26322 0.261365 0.263795 0.266185 0.262175 0.26296 0.264025
-1.09 0.265365 0.26519 0.262375 0.26631 0.266825 0.26434 0.26297 0.265365
-1.08 0.267595 0.26568 0.263965 0.266725 0.266995 0.26451 0.267395 0.26609
-1.07 0.266465 0.267385 0.26414 0.265735 0.269225 0.265625 0.26494 0.26883
-1.06 0.267755 0.26965 0.26472 0.26673 0.269835 0.267645 0.268135 0.26877
-1.05 0.26874 0.268435 0.267805 0.26742 0.26906 0.26971 0.26707 0.26942
-1.04 0.2717 0.268275 0.268695 0.269455 0.271435 0.268 0.270535 0.270865
-1.03 0.271435 0.26956 0.26926 0.27065 0.27174 0.269805 0.267795 0.267525
-1.02 0.272025 0.27325 0.27062 0.27127 0.27146 0.271395 0.271505 0.270375
-1.01 0.27163 0.271965 0.27199 0.272565 0.27453 0.272265 0.273195 0.272495
-1 0.27438 0.276525 0.27093 0.272745 0.27427 0.27125 0.275235 0.274375
-0.99 0.276225 0.275315 0.2732 0.27616 0.277255 0.273085 0.27318 0.27536
-0.98 0.275185 0.274575 0.27355 0.274435 0.276865 0.27711 0.27543 0.275915
-0.97 0.27679 0.277365 0.277315 0.277105 0.276185 0.276155 0.275435 0.2765
-0.96 0.278335 0.27719 0.27756 0.276125 0.276805 0.276065 0.275375 0.2782
-0.95 0.28052 0.277475 0.2762 0.277425 0.281665 0.278035 0.27874 0.27749
-0.94 0.279185 0.27758 0.276435 0.277645 0.27835 0.27886 0.279535 0.281185
-0.93 0.282145 0.278095 0.27698 0.278135 0.28255 0.279555 0.278505 0.2798
-0.92 0.281305 0.282415 0.27604 0.28239 0.280885 0.279505 0.281335 0.281695
-0.91 0.281535 0.28291 0.278425 0.279325 0.28179 0.28198 0.28042 0.28242
-0.9 0.283915 0.2832 0.28041 0.28315 0.281935 0.28024 0.28145 0.281715
-0.89 0.283835 0.282665 0.27938 0.282865 0.283215 0.281475 0.281025 0.28238
-0.88 0.28317 0.28318 0.281105 0.284715 0.283585 0.2856 0.283065 0.28221
-0.87 0.286135 0.285565 0.2828 0.284285 0.285175 0.281215 0.283345 0.28561
-0.86 0.28675 0.284955 0.283035 0.2852 0.28544 0.28489 0.28255 0.284855
-0.85 0.28564 0.28685 0.285245 0.28633 0.286585 0.28501 0.28621 0.2851
-0.84 0.285985 0.28545 0.28381 0.286245 0.286965 0.28436 0.28375 0.287
-0.83 0.28701 0.28794 0.285415 0.28658 0.286935 0.287485 0.28726 0.28823
-0.82 0.29103 0.28896 0.285515 0.28539 0.289715 0.28557 0.28699 0.28689
-0.81 0.28865 0.288575 0.28808 0.289015 0.289475 0.287905 0.28962 0.288905
-0.8 0.290335 0.28827 0.28958 0.28959 0.28974 0.28922 0.288595 0.288655
-0.79 0.291755 0.28934 0.29021 0.28705 0.28907 0.290805 0.288845 0.29182
-0.78 0.292455 0.292505 0.291245 0.2921 0.29222 0.290055 0.291755 0.2915
-0.77 0.29071 0.295145 0.290285 0.29199 0.292615 0.290325 0.292555 0.289615
-0.76 0.29255 0.29107 0.292175 0.29144 0.2935 0.293095 0.29243 0.29232
-0.75 0.292855 0.293725 0.292725 0.29373 0.28971 0.291455 0.29447 0.292335
-0.74 0.29499 0.295215 0.29096 0.29451 0.293965 0.29494 0.292395 0.292175
-0.73 0.294265 0.294875 0.293145 0.293795 0.292145 0.292615 0.293095 0.29497
-0.72 0.295275 0.296925 0.29496 0.29554 0.29382 0.29237 0.29534 0.293115
-0.71 0.294455 0.29584 0.29743 0.29497 0.29664 0.2957 0.29467 0.29578
-0.7 0.29811 0.29681 0.29573 0.29558 0.29627 0.296385 0.29512 0.29477
-0.69 0.297215 0.29658 0.29733 0.29865 0.293615 0.29713 0.294365 0.29701
-0.68 0.2985 0.2962 0.29792 0.29839 0.29676 0.296345 0.2972 0.298685
-0.67 0.29776 0.299215 0.29896 0.299055 0.295795 0.297935 0.29773 0.29455
-0.66 0.297225 0.29804 0.299155 0.2993 0.29787 0.29661 0.29738 0.29698
-0.65 0.302155 0.2988 0.30095 0.299255 0.29672 0.297725 0.299065 0.297865
-0.64 0.300775 0.29982 0.301265 0.30018 0.2982 0.29763 0.29991 0.299975
-0.63 0.299655 0.299525 0.300515 0.302225 0.300305 0.299925 0.29738 0.300585
-0.62 0.301905 0.300735 0.29958 0.30144 0.30153 0.30098 0.30155 0.300425
-0.61 0.303125 0.303805 0.301015 0.30628 0.29939 0.301075 0.29959 0.300125
-0.6 0.302125 0.304555 0.301895 0.303285 0.301135 0.30185 0.299715 0.30163
-0.59 0.301985 0.30351 0.303175 0.30291 0.30185 0.302805 0.30184 0.30295
-0.58 0.30311 0.302875 0.30406 0.30169 0.301025 0.30225 0.30415 0.30224
-0.57 0.30241 0.305635 0.30623 0.304655 0.301675 0.303135 0.30285 0.303685
-0.56 0.304915 0.30326 0.30308 0.304565 0.301555 0.30102 0.30396 0.30288
-0.55 0.302955 0.304175 0.305845 0.30635 0.30293 0.30342 0.30276 0.303735
-0.54 0.30473 0.305855 0.30532 0.3038 0.30262 0.30384 0.30161 0.303435
-0.53 0.306595 0.304425 0.308135 0.3059 0.30219 0.306195 0.30674 0.305305
-0.52 0.30651 0.30826 0.30465 0.30709 0.30598 0.30348 0.304915 0.307
-0.51 0.307135 0.30743 0.308785 0.306145 0.305495 0.307075 0.30401 0.304235
-0.5 0.30731 0.308635 0.30949 0.307965 0.305515 0.30691 0.304945 0.30467
-0.49 0.3082 0.308425 0.3086 0.307445 0.305355 0.3072 0.30717 0.30471
-0.48 0.30719 0.30744 0.3069 0.307645 0.305695 0.30697 0.30685 0.303665
-0.47 0.308035 0.3104 0.30765 0.308305 0.30616 0.30702 0.30603 0.30711
-0.46 0.307125 0.309475 0.309655 0.30912 0.30707 0.3067 0.3083 0.307695
-0.45 0.309665 0.307635 0.310165 0.30725 0.305945 0.309915 0.30869 0.30844
-0.44 0.30823 0.309535 0.31238 0.31081 0.309645 0.30833 0.30792 0.31107
-0.43 0.309425 0.309065 0.313705 0.31117 0.30675 0.30901 0.30792 0.30771
-0.42 0.30889 0.311475 0.310875 0.31378 0.307385 0.31024 0.308075 0.31079
-0.41 0.30939 0.310615 0.30952 0.31157 0.30818 0.30965 0.3084 0.310965
-0.4 0.31092 0.31222 0.311695 0.30918 0.311785 0.31267 0.310505 0.31171
-0.39 0.31003 0.311995 0.313615 0.31183 0.310995 0.31283 0.31298 0.311945
-0.38 0.31302 0.312805 0.31237 0.314025 0.310045 0.311905 0.31239 0.31164
-0.37 0.3117 0.31094 0.312635 0.31425 0.30972 0.31171 0.30946 0.312295
-0.36 0.31222 0.31382 0.31528 0.315005 0.307675 0.31132 0.313215 0.31018
-0.35 0.313085 0.31217 0.31445 0.31462 0.312525 0.31174 0.31149 0.311825
-0.34 0.313405 0.31297 0.313395 0.313915 0.310725 0.31304 0.31232 0.313055
-0.33 0.31346 0.313455 0.313745 0.31361 0.311115 0.31531 0.31253 0.311645
-0.32 0.315745 0.314465 0.31275 0.313895 0.31019 0.31185 0.314195 0.31339
-0.31 0.31463 0.3145 0.314955 0.31475 0.309595 0.31214 0.31147 0.31592
-0.3 0.315075 0.315265 0.31458 0.31509 0.31195 0.31316 0.313885 0.313245
-0.29 0.31447 0.316335 0.31608 0.31631 0.31142 0.3132 0.315405 0.31172
-0.28 0.318095 0.31351 0.315665 0.314635 0.312575 0.312935 0.312955 0.31445
-0.27 0.313895 0.313525 0.316425 0.314775 0.31325 0.31536 0.3152 0.31483
-0.26 0.31487 0.3153 0.317125 0.31549 0.314585 0.313655 0.31316 0.31481
-0.25 0.31525 0.316665 0.316825 0.317735 0.312075 0.31589 0.312475 0.313025
-0.24 0.314685 0.315945 0.318185 0.31693 0.313655 0.31411 0.31584 0.31546
-0.23 0.316975 0.315895 0.315825 0.31722 0.313145 0.317435 0.31471 0.3152
-0.22 0.31596 0.314575 0.31961 0.31681 0.31609 0.31466 0.31438 0.31556
-0.21 0.31562 0.318575 0.316955 0.317155 0.31378 0.31712 0.31574 0.3166
-0.2 0.317215 0.31562 0.317555 0.316705 0.313945 0.31515 0.31682 0.31266
-0.19 0.317925 0.31784 0.31734 0.320525 0.31513 0.316215 0.31541 0.317445
-0.18 0.31802 0.31467 0.317785 0.317125 0.314545 0.31603 0.31707 0.316195
-0.17 0.318845 0.31879 0.31904 0.319315 0.31355 0.314505 0.31571 0.314435
-0.16 0.31703 0.31604 0.31886 0.316975 0.31535 0.315955 0.318195 0.31677
-0.15 0.317685 0.31721 0.319455 0.32197 0.316125 0.317855 0.317165 0.31512
-0.14 0.32036 0.317985 0.318375 0.318855 0.313555 0.317075 0.316115 0.31407
-0.13 0.31692 0.31911 0.320055 0.31985 0.314165 0.318225 0.316365 0.317905
-0.12 0.319475 0.319235 0.3161 0.318625 0.31644 0.31944 0.315155 0.315865
-0.11 0.31651 0.316395 0.316885 0.31793 0.316045 0.315145 0.316245 0.3173
-0.1 0.32005 0.31835 0.318565 0.318925 0.31355 0.316545 0.316195 0.31671
-0.09 0.31821 0.32183 0.32009 0.321955 0.31592 0.31895 0.31766 0.316775
-0.08 0.31863 0.31767 0.320815 0.32006 0.315545 0.31482 0.31774 0.31847
-0.07 0.3194 0.31761 0.31887 0.31928 0.317075 0.32022 0.31813 0.31541
-0.06 0.318 0.31726 0.321515 0.31975 0.31628 0.31768 0.31761 0.316185
-0.05 0.320315 0.317635 0.32012 0.318445 0.316065 0.319115 0.317905 0.31679
-0.04 0.31674 0.318325 0.3196 0.320955 0.31698 0.318325 0.3168 0.316955
-0.03 0.318965 0.318465 0.31819 0.320375 0.31555 0.31906 0.31704 0.316015
-0.02 0.317905 0.318305 0.320265 0.32042 0.31605 0.315855 0.31735 0.315
-0.01 0.31774 0.31879 0.320585 0.318965 0.317185 0.318375 0.318205 0.31595
0 0.317015 0.320025 0.317805 0.32022 0.31688 0.31909 0.313905 0.31743
0.01 0.318305 0.319975 0.319735 0.31775 0.31691 0.317405 0.31869 0.31587
0.02 0.318705 0.31705 0.320125 0.319965 0.315815 0.31576 0.317215 0.31821
0.03 0.317965 0.317855 0.318265 0.31889 0.31468 0.3182 0.31615 0.315935
0.04 0.31944 0.3179 0.3202 0.31948 0.314355 0.31777 0.31868 0.3173
0.05 0.32044 0.320175 0.318265 0.32049 0.31573 0.31824 0.317645 0.316425
0.06 0.31986 0.316745 0.31937 0.318665 0.31607 0.31713 0.317785 0.31577
0.07 0.32032 0.31973 0.31947 0.31924 0.316205 0.32024 0.317505 0.315005
0.08 0.32144 0.3167 0.31829 0.321625 0.314865 0.317525 0.317095 0.315075
0.09 0.320295 0.32071 0.319925 0.31834 0.315385 0.3177 0.316655 0.315865
0.1 0.317005 0.316365 0.32075 0.31887 0.31506 0.317825 0.318855 0.31345
0.11 0.319455 0.31911 0.31996 0.32081 0.316165 0.316425 0.315485 0.317425
0.12 0.318205 0.318365 0.31916 0.32004 0.315405 0.315515 0.316655 0.315555
0.13 0.317775 0.318115 0.321205 0.31922 0.3161 0.31688 0.313905 0.315935
0.14 0.31715 0.31648 0.318205 0.31732 0.316715 0.317035 0.31646 0.31492
0.15 0.320295 0.316605 0.3193 0.318965 0.315495 0.31657 0.31657 0.314025
0.16 0.31924 0.3186 0.31847 0.317745 0.314855 0.316015 0.31601 0.316395
0.17 0.31564 0.31801 0.317195 0.318905 0.31487 0.3166 0.31595 0.31562
0.18 0.31807 0.315955 0.318625 0.319325 0.314775 0.315015 0.31551 0.31538
0.19 0.315685 0.31592 0.31833 0.31695 0.315005 0.31478 0.31593 0.3132
0.2 0.31891 0.316305 0.31624 0.317635 0.313675 0.31554 0.313825 0.31475
0.21 0.31568 0.31787 0.315855 0.31903 0.314145 0.316575 0.314105 0.31385
0.22 0.319045 0.315555 0.317365 0.31647 0.31196 0.315795 0.31486 0.31364
0.23 0.315255 0.31519 0.31902 0.315485 0.31583 0.313465 0.31447 0.31353
0.24 0.3168 0.31407 0.31591 0.316565 0.313725 0.313615 0.317015 0.3136
0.25 0.316555 0.31678 0.317175 0.31264 0.313455 0.313165 0.3136 0.315305
0.26 0.315565 0.314805 0.315265 0.31684 0.31505 0.31299 0.314335 0.31507
0.27 0.313605 0.316635 0.314975 0.31335 0.31299 0.3139 0.31243 0.311555
0.28 0.315095 0.314395 0.316995 0.315815 0.313665 0.31603 0.314295 0.31248
0.29 0.31607 0.315025 0.315605 0.314605 0.314585 0.31228 0.310445 0.311625
0.3 0.31288 0.314885 0.316355 0.31409 0.312555 0.31298 0.31187 0.31114
0.31 0.314615 0.31338 0.314485 0.314965 0.30912 0.3132 0.311505 0.31348
0.32 0.31625 0.3124 0.31391 0.314755 0.311725 0.313255 0.31037 0.31189
0.33 0.31349 0.313285 0.3157 0.315395 0.31181 0.310825 0.312565 0.308335
0.34 0.313125 0.313035 0.31681 0.312065 0.31258 0.311575 0.30918 0.30935
0.35 0.3117 0.31168 0.31272 0.313335 0.311735 0.312055 0.3098 0.31033
0.36 0.31312 0.31174 0.312865 0.312475 0.310365 0.312055 0.310775 0.309505
0.37 0.311395 0.31153 0.3137 0.31278 0.3113 0.3074 0.31208 0.31192
0.38 0.311855 0.311045 0.31342 0.312935 0.308815 0.3105 0.3079 0.30938
0.39 0.31123 0.31461 0.311445 0.3099 0.30763 0.310835 0.30932 0.30862
0.4 0.31199 0.3108 0.312615 0.311075 0.311785 0.31037 0.311185 0.310555
0.41 0.31076 0.310625 0.31124 0.312895 0.30824 0.308685 0.30922 0.30889
0.42 0.312175 0.309445 0.311655 0.310645 0.309835 0.30849 0.30885 0.30762
0.43 0.30966 0.30874 0.31089 0.30993 0.3092 0.307635 0.30786 0.307925
0.44 0.31135 0.30978 0.31243 0.30976 0.306855 0.30763 0.308245 0.30769
0.45 0.310645 0.308725 0.310085 0.30903 0.30939 0.30815 0.309185 0.308565
0.46 0.30909 0.308235 0.31088 0.309795 0.307255 0.308035 0.30589 0.307785
0.47 0.308485 0.30758 0.308965 0.308635 0.30623 0.307495 0.30842 0.306475
0.48 0.30898 0.304375 0.307925 0.30761 0.30563 0.30837 0.30465 0.303895
0.49 0.30696 0.30822 0.30715 0.308035 0.30801 0.305665 0.307245 0.30708
0.5 0.306425 0.304015 0.308795 0.304765 0.30731 0.30357 0.305955 0.30305
0.51 0.30937 0.307165 0.30804 0.306495 0.304815 0.3067 0.305545 0.302125
0.52 0.30497 0.30701 0.30848 0.306245 0.30471 0.306335 0.30443 0.304545
0.53 0.306505 0.30611 0.30625 0.30696 0.30525 0.304105 0.30235 0.303715
0.54 0.30336 0.30658 0.30807 0.303085 0.304855 0.304335 0.303905 0.303225
0.55 0.304865 0.303085 0.30418 0.302985 0.30333 0.305855 0.30263 0.30311
0.56 0.30449 0.30391 0.30608 0.30449 0.30499 0.301655 0.302195 0.30059
0.57 0.30108 0.304075 0.30501 0.302775 0.301705 0.302715 0.300345 0.299325
0.58 0.30273 0.301405 0.30446 0.30188 0.3052 0.30234 0.30122 0.30081
0.59 0.303605 0.30154 0.305745 0.300895 0.30055 0.30071 0.300845 0.30036
0.6 0.301735 0.3024 0.30292 0.302375 0.30147 0.301405 0.29736 0.302035
0.61 0.301485 0.298915 0.3036 0.300555 0.29895 0.298965 0.299975 0.300775
0.62 0.300315 0.300655 0.3016 0.29967 0.29947 0.30037 0.29789 0.29716
0.63 0.299925 0.301175 0.300105 0.300845 0.29845 0.30021 0.299545 0.29864
0.64 0.29957 0.298285 0.29968 0.30021 0.298675 0.29921 0.297225 0.299005
0.65 0.298745 0.298285 0.301255 0.299925 0.29852 0.29859 0.29633 0.296775
0.66 0.298295 0.297385 0.30163 0.29728 0.29732 0.297615 0.295845 0.29641
0.67 0.29913 0.29869 0.29975 0.29819 0.297275 0.297275 0.295055 0.29718
0.68 0.29994 0.297385 0.297665 0.29739 0.29696 0.294305 0.29445 0.29427
0.69 0.298505 0.29615 0.29815 0.2959 0.295385 0.295565 0.29464 0.296895
0.7 0.29674 0.29449 0.296145 0.295685 0.29649 0.294485 0.290995 0.294185
0.71 0.294925 0.296145 0.29638 0.29436 0.291895 0.2959 0.29362 0.29522
0.72 0.295495 0.29375 0.295435 0.293255 0.29348 0.29595 0.29421 0.295775
0.73 0.294305 0.294935 0.294635 0.29278 0.296525 0.29372 0.2933 0.291595
0.74 0.293565 0.29133 0.29516 0.291725 0.293 0.29324 0.29049 0.291595
0.75 0.29205 0.29292 0.294265 0.29206 0.29212 0.291575 0.291405 0.292325
0.76 0.290115 0.291015 0.292355 0.2918 0.290555 0.28902 0.2927 0.289925
0.77 0.29147 0.292075 0.2917 0.29095 0.29034 0.29107 0.290355 0.28878
0.78 0.29225 0.2874 0.290725 0.29189 0.290615 0.29125 0.290815 0.289355
0.79 0.288675 0.289645 0.29075 0.29026 0.291915 0.28728 0.28879 0.286965
0.8 0.291185 0.288785 0.29149 0.29068 0.290265 0.287365 0.287335 0.287715
0.81 0.2915 0.28835 0.29068 0.286725 0.287515 0.28774 0.288275 0.287395
0.82 0.287055 0.286835 0.28701 0.286905 0.287175 0.286685 0.287155 0.28708
0.83 0.288525 0.28669 0.28626 0.286995 0.28769 0.28688 0.288775 0.2846
0.84 0.285925 0.2848 0.288505 0.28725 0.28519 0.288615 0.28626 0.283445
0.85 0.284835 0.28419 0.28648 0.285175 0.2863 0.28383 0.28594 0.285115
0.86 0.285355 0.285355 0.282885 0.28452 0.285465 0.28454 0.283775 0.281185
0.87 0.282555 0.28414 0.28279 0.281655 0.28313 0.284385 0.28187 0.283295
0.88 0.286445 0.282425 0.28478 0.281505 0.284405 0.283205 0.28205 0.282355
0.89 0.283005 0.282985 0.284405 0.28087 0.28223 0.278585 0.28105 0.281485
0.9 0.28507 0.27934 0.281315 0.281335 0.282185 0.28115 0.28047 0.28037
0.91 0.279655 0.28077 0.281495 0.279 0.28359 0.280705 0.280125 0.280355
0.92 0.277865 0.278265 0.280045 0.2793 0.27786 0.27938 0.281095 0.279025
0.93 0.27733 0.27976 0.28117 0.27746 0.279705 0.27886 0.2783 0.277245
0.94 0.27807 0.277805 0.27723 0.277015 0.27831 0.277275 0.27889 0.27657
0.95 0.27786 0.2759 0.27955 0.277335 0.27611 0.27739 0.27778 0.276415
0.96 0.275455 0.27775 0.27667 0.27747 0.276815 0.27634 0.276 0.273775
0.97 0.27655 0.274955 0.276 0.275775 0.27607 0.274615 0.27408 0.2757
0.98 0.274855 0.27719 0.275165 0.27532 0.27309 0.275005 0.27315 0.27142
0.99 0.27292 0.272865 0.27373 0.27421 0.274045 0.27391 0.2734 0.27216
1 0.27249 0.272495 0.27547 0.27126 0.27352 0.273365 0.27458 0.274585
1.01 0.27069 0.271505 0.273775 0.271485 0.27134 0.271855 0.27047 0.27171
1.02 0.27235 0.269075 0.272985 0.270355 0.27022 0.271215 0.272225 0.268075
1.03 0.26881 0.267705 0.27102 0.271105 0.26982 0.269465 0.271165 0.26839
1.04 0.268165 0.268445 0.269055 0.2686 0.26751 0.26999 0.26971 0.26761
1.05 0.268965 0.269 0.26853 0.267565 0.267275 0.26859 0.26909 0.26716
1.06 0.26448 0.268305 0.269355 0.265415 0.267365 0.26531 0.266685 0.26502
1.07 0.264415 0.26643 0.26658 0.264175 0.26642 0.2656 0.26673 0.266625
1.08 0.26651 0.26489 0.2655 0.26437 0.26495 0.26499 0.265465 0.263315
1.09 0.2646 0.263345 0.26522 0.262475 0.264 0.2652 0.264255 0.26408
1.1 0.262065 0.26231 0.265255 0.26288 0.26435 0.263355 0.262435 0.25976
1.11 0.26271 0.261545 0.26514 0.259825 0.262 0.263445 0.26281 0.257765
1.12 0.260125 0.26229 0.261945 0.26132 0.26135 0.261705 0.261815 0.260535
1.13 0.25958 0.261155 0.26096 0.2602 0.261635 0.262435 0.26137 0.258505
1.14 0.25794 0.25924 0.26026 0.260075 0.25908 0.259865 0.25866 0.257035
1.15 0.25942 0.25749 0.258545 0.25726 0.25951 0.25626 0.260075 0.254725
1.16 0.25709 0.25533 0.25612 0.25327 0.256775 0.25848 0.257705 0.25738
1.17 0.25421 0.256235 0.257195 0.25504 0.256245 0.256045 0.254425 0.255775
1.18 0.254905 0.25422 0.25474 0.251615 0.25524 0.257205 0.25531 0.25354
1.19 0.25248 0.251945 0.254695 0.252315 0.25519 0.253085 0.253215 0.252565
1.2 0.254235 0.25098 0.251445 0.25128 0.252625 0.25333 0.253245 0.25286
1.21 0.25193 0.25178 0.250675 0.250185 0.25078 0.251235 0.253145 0.25167
1.22 0.251985 0.247735 0.248045 0.24917 0.250275 0.2507 0.250685 0.250215
1.23 0.251305 0.24855 0.25098 0.24773 0.24736 0.248345 0.24699 0.24892
1.24 0.24759 0.245995 0.24818 0.244955 0.247555 0.247865 0.247005 0.245935
1.25 0.24545 0.244015 0.245705 0.24391 0.24722 0.246335 0.246875 0.24569
1.26 0.245925 0.244345 0.24609 0.243655 0.246655 0.245305 0.245535 0.24509
1.27 0.24468 0.244275 0.244505 0.243055 0.24252 0.24463 0.245065 0.244075
1.28 0.24093 0.24295 0.24207 0.242715 0.24226 0.24191 0.242065 0.244115
1.29 0.241465 0.243675 0.24045 0.23634 0.24242 0.24313 0.24089 0.241385
1.3 0.23934 0.23845 0.2419 0.2357 0.2417 0.240315 0.2379 0.23873
1.31 0.237835 0.238555 0.238985 0.23702 0.240835 0.239215 0.239615 0.238265
1.32 0.237195 0.237005 0.237305 0.23717 0.238915 0.23621 0.238265 0.23709
1.33 0.23513 0.23629 0.23454 0.234145 0.236235 0.23712 0.23948 0.234545
1.34 0.233615 0.235605 0.235555 0.233215 0.236485 0.235355 0.235265 0.234675
1.35 0.23099 0.234005 0.233135 0.231465 0.232355 0.23332 0.233955 0.23368
1.36 0.23286 0.231325 0.2315 0.229015 0.233955 0.23195 0.232175 0.23162
1.37 0.22892 0.22841 0.23092 0.229585 0.23159 0.23014 0.230755 0.2316
1.38 0.22922 0.22845 0.228055 0.227325 0.2302 0.22904 0.23007 0.229065
1.39 0.228885 0.228265 0.226495 0.22665 0.22935 0.228515 0.229665 0.227455
1.4 0.225355 0.22589 0.228525 0.22448 0.227015 0.22715 0.2274 0.22678
1.41 0.22427 0.22341 0.225125 0.222965 0.22479 0.224885 0.225815 0.224845
1.42 0.22295 0.222315 0.221865 0.222035 0.224055 0.222465 0.224325 0.224025
1.43 0.22104 0.219375 0.22098 0.22035 0.222795 0.220225 0.22209 0.22151
1.44 0.21911 0.22013 0.220125 0.22002 0.22067 0.220965 0.222165 0.21948
1.45 0.218445 0.21842 0.219135 0.216925 0.220435 0.2194 0.219915 0.219615
1.46 0.21696 0.21808 0.21673 0.21515 0.216305 0.216455 0.217185 0.218015
1.47 0.21436 0.213995 0.21531 0.214285 0.21583 0.21643 0.21697 0.21447
1.48 0.211295 0.213655 0.214195 0.21169 0.212365 0.21466 0.216495 0.216255
1.49 0.211005 0.211135 0.214255 0.211225 0.21233 0.212745 0.214265 0.213145
1.5 0.20838 0.210375 0.20946 0.21115 0.212625 0.211645 0.211775 0.21142
1.51 0.209975 0.20891 0.208545 0.209995 0.210555 0.210485 0.20914 0.209895
1.52 0.20591 0.20807 0.20619 0.20572 0.20805 0.20726 0.208575 0.21056
1.53 0.205575 0.206095 0.205075 0.20487 0.20597 0.205565 0.209275 0.204515
1.54 0.20139 0.20395 0.20377 0.200495 0.20253 0.20421 0.2062 0.204945
1.55 0.20111 0.202125 0.20015 0.20051 0.202725 0.20178 0.204085 0.202235
1.56 0.198845 0.20169 0.19977 0.19914 0.19955 0.20031 0.201655 0.20347
1.57 0.196685 0.196375 0.196725 0.195585 0.19838 0.196525 0.19861 0.197885
1.58 0.197705 0.19528 0.19616 0.19602 0.19702 0.197525 0.19667 0.200075
1.59 0.193535 0.194105 0.194415 0.19261 0.194455 0.19622 0.19464 0.19628
1.6 0.19259 0.19161 0.19177 0.19147 0.19353 0.192335 0.193415 0.19429
1.61 0.19069 0.19104 0.189485 0.189305 0.19081 0.190615 0.19227 0.191055
1.62 0.18708 0.18716 0.189355 0.187315 0.18725 0.188235 0.190045 0.191155
1.63 0.185005 0.18618 0.1854 0.184675 0.187675 0.187355 0.188945 0.187055
1.64 0.182655 0.18432 0.184725 0.18399 0.18539 0.18546 0.185585 0.18579
1.65 0.18225 0.1828 0.18212 0.18038 0.181285 0.18475 0.18307 0.1842
1.66 0.179155 0.1814 0.180455 0.179625 0.17968 0.18015 0.183035 0.18318
1.67 0.17757 0.178125 0.177985 0.176985 0.177575 0.17849 0.179585 0.178775
1.68 0.1745 0.175435 0.174985 0.17513 0.17489 0.17517 0.17649 0.177245
1.69 0.1725 0.173695 0.173105 0.171595 0.174725 0.1728 0.176645 0.17523
1.7 0.16921 0.169585 0.1717 0.169675 0.17157 0.17043 0.17322 0.172105
1.71 0.167025 0.166175 0.16746 0.16792 0.168375 0.168965 0.170855 0.16954
1.72 0.165555 0.165895 0.16668 0.166705 0.166445 0.165945 0.167505 0.16799
1.73 0.1622 0.16169 0.16324 0.161175 0.163225 0.162865 0.16483 0.16506
1.74 0.15968 0.1583 0.161185 0.160215 0.16249 0.16112 0.1618 0.16361
1.75 0.15618 0.15644 0.15653 0.157445 0.157145 0.15824 0.159875 0.1587
1.76 0.153585 0.15504 0.15564 0.155045 0.15514 0.154025 0.156605 0.15773
1.77 0.150615 0.150865 0.150795 0.15067 0.15333 0.151165 0.153105 0.15213
1.78 0.14612 0.14902 0.14853 0.14919 0.149585 0.14878 0.15235 0.149705
1.79 0.14319 0.146725 0.146285 0.14469 0.14662 0.147405 0.148575 0.14717
1.8 0.14177 0.14224 0.144205 0.139855 0.143315 0.143735 0.145475 0.142195
1.81 0.138005 0.139205 0.13989 0.13842 0.14039 0.13919 0.140775 0.140405
1.82 0.134025 0.13592 0.136815 0.134815 0.13628 0.137515 0.13797 0.138455
1.83 0.12969 0.131775 0.131665 0.13263 0.13093 0.13333 0.13469 0.13333
1.84 0.12747 0.12836 0.12873 0.127945 0.12867 0.12973 0.13003 0.13009
1.85 0.120865 0.12441 0.1243 0.124675 0.125135 0.127775 0.12702 0.125295
1.86 0.11915 0.119865 0.121105 0.119935 0.1191 0.12152 0.1253 0.122965
1.87 0.113985 0.115385 0.117395 0.115835 0.116 0.11907 0.11938 0.118255
1.88 0.11035 0.111445 0.11174 0.111995 0.112525 0.113505 0.11337 0.11432
1.89 0.10544 0.107035 0.10907 0.106985 0.10587 0.109835 0.11111 0.10826
1.9 0.10042 0.10176 0.10202 0.102065 0.101335 0.103865 0.10679 0.105515
1.91 0.094935 0.098365 0.0976 0.096585 0.09627 0.09839 0.10023 0.09947
1.92 0.089395 0.09194 0.093205 0.092775 0.090845 0.092165 0.09514 0.09315
1.93 0.08148 0.086975 0.08677 0.08514 0.08618 0.087085 0.08949 0.08716
1.94 0.0765 0.079275 0.080895 0.07924 0.079105 0.080665 0.08155 0.08189
1.95 0.07066 0.07243 0.072195 0.071995 0.07009 0.073335 0.075905 0.073445
1.96 0.062115 0.064255 0.06362 0.064285 0.06188 0.06506 0.06743 0.06612
1.97 0.05215 0.054355 0.0558 0.054675 0.05423 0.05634 0.05767 0.056065
1.98 0.04071 0.042105 0.04319 0.04264 0.04104 0.042825 0.044825 0.04434
1.99 0.02242 0.024635 0.023645 0.024475 0.02311 0.023995 0.02522 0.025775
2 0 0 0 0 0 0 0 0
2.01 0 0 0 0 0 0 0 0
2.02 0 0 0 0 0 0 0 0
2.03 0 0 0 0 0 0 0 0
2.04 0 0 0 0 0 0 0 0
2.05 0 0 0 0 0 0 0 0
2.06 0 0 0 0 0 0 0 0
2.07 0 0 0 0 0 0 0 0
2.08 0 0 0 0 0 0 0 0
2.09 0 0 0 0 0 0 0 0
2.1 0 0 0 0 0 0 0 0
2.11 0 0 0 0 0 0 0 0
2.12 0 0 0 0 0 0 0 0
2.13 0 0 0 0 0 0 0 0
2.14 0 0 0 0 0 0 0 0
2.15 0 0 0 0 0 0 0 0
2.16 0 0 0 0 0 0 0 0
2.17 0 0 0 0 0 0 0 0
2.18 0 0 0 0 0 0 0 0
2.19 0 0 0 0 0 0 0 0
2.2 0 0 0 0 0 0 0 0
2.21 0 0 0 0 0 0 0 0
2.22 0 0 0 0 0 0 0 0
2.23 0 0 0 0 0 0 0 0
2.24 0 0 0 0 0 0 0 0
2.25 0 0 0 0 0 0 0 0
2.26 0 0 0 0 0 0 0 0
2.27 0 0 0 0 0 0 0 0
2.28 0 0 0 0 0 0 0 0
2.29 0 0 0 0 0 0 0 0
2.3 0 0 0 0 0 0 0 0
2.31 0 0 0 0 0 0 0 0
2.32 0 0 0 0 0 0 0 0
2.33 0 0 0 0 0 0 0 0
2.34 0 0 0 0 0 0 0 0
2.35 0 0 0 0 0 0 0 0
2.36 0 0 0 0 0 0 0 0
2.37 0 0 0 0 0 0 0 0
2.38 0 0 0 0 0 0 0 0
2.39 0 0 0 0 0 0 0 0
2.4 0 0 0 0 0 0 0 0
2.41 0 0 0 0 0 0 0 0
2.42 0 0 0 0 0 0 0 0
2.43 0 0 0 0 0 0 0 0
2.44 0 0 0 0 0 0 0 0
2.45 0 0 0 0 0 0 0 0
2.46 0 0 0 0 0 0 0 0
2.47 0 0 0 0 0 0 0 0
2.48 0 0 0 0 0 0 0 0
2.49 0 0 0 0 0 0 0 0
2.5 0 0 0 0 0 0 0 0
2.51 0 0 0 0 0 0 0 0
2.52 0 0 0 0 0 0 0 0
2.53 0 0 0 0 0 0 0 0
2.54 0 0 0 0 0 0 0 0
2.55 0 0 0 0 0 0 0 0
2.56 0 0 0 0 0 0 0 0
2.57 0 0 0 0 0 0 0 0
2.58 0 0 0 0 0 0 0 0
2.59 0 0 0 0 0 0 0 0
2.6 0 0 0 0 0 0 0 0
2.61 0 0 0 0 0 0 0 0
2.62 0 0 0 0 0 0 0 0
2.63 0 0 0 0 0 0 0 0
2.64 0 0 0 0 0 0 0 0
2.65 0 0 0 0 0 0 0 0
2.66 0 0 0 0 0 0 0 0
2.67 0 0 0 0 0 0 0 0
2.68 0 0 0 0 0 0 0 0
2.69 0 0 0 0 0 0 0 0
2.7 0 0 0 0 0 0 0 0
2.71 0 0 0 0 0 0 0 0
2.72 0 0 0 0 0 0 0 0
2.73 0 0 0 0 0 0 0 0
2.74 0 0 0 0 0 0 0 0
2.75 0 0 0 0 0 0 0 0
2.76 0 0 0 0 0 0 0 0
2.77 0 0 0 0 0 0 0 0
2.78 0 0 0 0 0 0 0 0
2.79 0 0 0 0 0 0 0 0
2.8 0 0 0 0 0 0 0 0
2.81 0 0 0 0 0 0 0 0
2.82 0 0 0 0 0 0 0 0
2.83 0 0 0 0 0 0 0 0
2.84 0 0 0 0 0 0 0 0
2.85 0 0 0 0 0 0 0 0
2.86 0 0 0 0 0 0 0 0
2.87 0 0 0 0 0 0 0 0
2.88 0 0 0 0 0 0 0 0
2.89 0 0 0 0 0 0 0 0
2.9 0 0 0 0 0 0 0 0
2.91 0 0 0 0 0 0 0 0
2.92 0 0 0 0 0 0 0 0
2.93 0 0 0 0 0 0 0 0
2.94 0 0 0 0 0 0 0 0
2.95 0 0 0 0 0 0 0 0
2.96 0 0 0 0 0 0 0 0
2.97 0 0 0 0 0 0 0 0
2.98 0 0 0 0 0 0 0 0
2.99 0 0 0 0 0 0 0 0
3 0 0 0 0 0 0 0 0
3.01 0 0 0 0 0 0 0 0
3.02 0 0 0 0 0 0 0 0
3.03 0 0 0 0 0 0 0 0
3.04 0 0 0 0 0 0 0 0
3.05 0 0 0 0 0 0 0 0
3.06 0 0 0 0 0 0 0 0
3.07 0 0 0 0 0 0 0 0
3.08 0 0 0 0 0 0 0 0
3.09 0 0 0 0 0 0 0 0
3.1 0 0 0 0 0 0 0 0
3.11 0 0 0 0 0 0 0 0
3.12 0 0 0 0 0 0 0 0
3.13 0 0 0 0 0 0 0 0
3.14 0 0 0 0 0 0 0 0
3.15 0 0 0 0 0 0 0 0
3.16 0 0 0 0 0 0 0 0
3.17 0 0 0 0 0 0 0 0
3.18 0 0 0 0 0 0 0 0
3.19 0 0 0 0 0 0 0 0
3.2 0 0 0 0 0 0 0 0
3.21 0 0 0 0 0 0 0 0
3.22 0 0 0 0 0 0 0 0
3.23 0 0 0 0 0 0 0 0
3.24 0 0 0 0 0 0 0 0
3.25 0 0 0 0 0 0 0 0
3.26 0 0 0 0 0 0 0 0
3.27 0 0 0 0 0 0 0 0
3.28 0 0 0 0 0 0 0 0
3.29 0 0 0 0 0 0 0 0
3.3 0 0 0 0 0 0 0 0
3.31 0 0 0 0 0 0 0 0
3.32 0 0 0 0 0 0 0 0
3.33 0 0 0 0 0 0 0 0
3.34 0 0 0 0 0 0 0 0
3.35 0 0 0 0 0 0 0 0
3.36 0 0 0 0 0 0 0 0
3.37 0 0 0 0 0 0 0 0
3.38 0 0 0 0 0 0 0 0
3.39 0 0 0 0 0 0 0 0
3.4 0 0 0 0 0 0 0 0
3.41 0 0 0 0 0 0 0 0
3.42 0 0 0 0 0 0 0 0
3.43 0 0 0 0 0 0 0 0
3.44 0 0 0 0 0 0 0 0
3.45 0 0 0 0 0 0 0 0
3.46 0 0 0 0 0 0 0 0
3.47 0 0 0 0 0 0 0 0
3.48 0 0 0 0 0 0 0 0
3.49 0 0 0 0 0 0 0 0
3.5 0 0 0 0 0 0 0 0
3.51 0 0 0 0 0 0 0 0
3.52 0 0 0 0 0 0 0 0
3.53 0 0 0 0 0 0 0 0
3.54 0 0 0 0 0 0 0 0
3.55 0 0 0 0 0 0 0 0
3.56 0 0 0 0 0 0 0 0
3.57 0 0 0 0 0 0 0 0
3.58 0 0 0 0 0 0 0 0
3.59 0 0 0 0 0 0 0 0
3.6 0 0 0 0 0 0 0 0
3.61 0 0 0 0 0 0 0 0
3.62 0 0 0 0 0 0 0 0
3.63 0 0 0 0 0 0 0 0
3.64 0 0 0 0 0 0 0 0
3.65 0 0 0 0 0 0 0 0
3.66 0 0 0 0 0 0 0 0
3.67 0 0 0 0 0 0 0 0
3.68 0 0 0 0 0 0 0 0
3.69 0 0 0 0 0 0 0 0
3.7 0 0 0 0 0 0 0 0
3.71 0 0 0 0 0 0 0 0
3.72 0 0 0 0 0 0 0 0
3.73 0 0 0 0 0 0 0 0
3.74 0 0 0 0 0 0 0 0
3.75 0 0 0 0 0 0 0 0
3.76 0 0 0 0 0 0 0 0
3.77 0 0 0 0 0 0 0 0
3.78 0 0 0 0 0 0 0 0
3.79 0 0 0 0 0 0 0 0
3.8 0 0 0 0 0 0 0 0
3.81 0 0 0 0 0 0 0 0
3.82 0 0 0 0 0 0 0 0
3.83 0 0 0 0 0 0 0 0
3.84 0 0 0 0 0 0 0 0
3.85 0 0 0 0 0 0 0 0
3.86 0 0 0 0 0 0 0 0
3.87 0 0 0 0 0 0 0 0
3.88 0 0 0 0 0 0 0 0
3.89 0 0 0 0 0 0 0 0
3.9 0 0 0 0 0 0 0 0
3.91 0 0 0 0 0 0 0 0
3.92 0 0 0 0 0 0 0 0
3.93 0 0 0 0 0 0 0 0
3.94 0 0 0 0 0 0 0 0
3.95 0 0 0 0 0 0 0 0
3.96 0 0 0 0 0 0 0 0
3.97 0 0 0 0 0 0 0 0
3.98 0 0 0 0 0 0 0 0
3.99 0 0 0 0 0 0 0 0
4 0 0 0 0 0 0 0 0
4.01 0 0 0 0 0 0 0 0
4.02 0 0 0 0 0 0 0 0
4.03 0 0 0 0 0 0 0 0
4.04 0 0 0 0 0 0 0 0
4.05 0 0 0 0 0 0 0 0
4.06 0 0 0 0 0 0 0 0
4.07 0 0 0 0 0 0 0 0
4.08 0 0 0 0 0 0 0 0
4.09 0 0 0 0 0 0 0 0
4.1 0 0 0 0 0 0 0 0
4.11 0 0 0 0 0 0 0 0
4.12 0 0 0 0 0 0 0 0
4.13 0 0 0 0 0 0 0 0
4.14 0 0 0 0 0 0 0 0
4.15 0 0 0 0 0 0 0 0
4.16 0 0 0 0 0 0 0 0
4.17 0 0 0 0 0 0 0 0
4.18 0 0 0 0 0 0 0 0
4.19 0 0 0 0 0 0 0 0
4.2 0 0 0 0 0 0 0 0
4.21 0 0 0 0 0 0 0 0
4.22 0 0 0 0 0 0 0 0
4.23 0 0 0 0 0 0 0 0
4.24 0 0 0 0 0 0 0 0
4.25 0 0 0 0 0 0 0 0
4.26 0 0 0 0 0 0 0 0
4.27 0 0 0 0 0 0 0 0
4.28 0 0 0 0 0 0 0 0
4.29 0 0 0 0 0 0 0 0
4.3 0 0 0 0 0 0 0 0
4.31 0 0 0 0 0 0 0 0
4.32 0 0 0 0 0 0 0 0
4.33 0 0 0 0 0 0 0 0
4.34 0 0 0 0 0 0 0 0
4.35 0 0 0 0 0 0 0 0
4.36 0 0 0 0 0 0 0 0
4.37 0 0 0 0 0 0 0 0
4.38 0 0 0 0 0 0 0 0
4.39 0 0 0 0 0 0 0 0
4.4 0 0 0 0 0 0 0 0
4.41 0 0 0 0 0 0 0 0
4.42 0 0 0 0 0 0 0 0
4.43 0 0 0 0 0 0 0 0
4.44 0 0 0 0 0 0 0 0
4.45 0 0 0 0 0 0 0 0
4.46 0 0 0 0 0 0 0 0
4.47 0 0 0 0 0 0 0 0
4.48 0 0 0 0 0 0 0 0
4.49 0 0 0 0 0 0 0 0
4.5 0 0 0 0 0 0 0 0
4.51 0 0 0 0 0 0 0 0
4.52 0 0 0 0 0 0 0 0
4.53 0 0 0 0 0 0 0 0
4.54 0 0 0 0 0 0 0 0
4.55 0 0 0 0 0 0 0 0
4.56 0 0 0 0 0 0 0 0
4.57 0 0 0 0 0 0 0 0
4.58 0 0 0 0 0 0 0 0
4.59 0 0 0 0 0 0 0 0
4.6 0 0 0 0 0 0 0 0
4.61 0 0 0 0 0 0 0 0
4.62 0 0 0 0 0 0 0 0
4.63 0 0 0 0 0 0 0 0
4.64 0 0 0 0 0 0 0 0
4.65 0 0 0 0 0 0 0 0
4.66 0 0 0 0 0 0 0 0
4.67 0 0 0 0 0 0 0 0
4.68 0 0 0 0 0 0 0 0
4.69 0 0 0 0 0 0 0 0
4.7 0 0 0 0 0 0 0 0
4.71 0 0 0 0 0 0 0 0
4.72 0 0 0 0 0 0 0 0
4.73 0 0 0 0 0 0 0 0
4.74 0 0 0 0 0 0 0 0
4.75 0 0 0 0 0 0 0 0
4.76 0 0 0 0 0 0 0 0
4.77 0 0 0 0 0 0 0 0
4.78 0 0 0 0 0 0 0 0
4.79 0 0 0 0 0 0 0 0
4.8 0 0 0 0 0 0 0 0
4.81 0 0 0 0 0 0 0 0
4.82 0 0 0 0 0 0 0 0
4.83 0 0 0 0 0 0 0 0
4.84 0 0 0 0 0 0 0 0
4.85 0 0 0 0 0 0 0 0
4.86 0 0 0 0 0 0 0 0
4.87 0 0 0 0 0 0 0 0
4.88 0 0 0 0 0 0 0 0
4.89 0 0 0 0 0 0 0 0
4.9 0 0 0 0 0 0 0 0
4.91 0 0 0 0 0 0 0 0
4.92 0 0 0 0 0 0 0 0
4.93 0 0 0 0 0 0 0 0
4.94 0 0 0 0 0 0 0 0
4.95 0 0 0 0 0 0 0 0
4.96 0 0 0 0 0 0 0 0
4.97 0 0 0 0 0 0 0 0
4.98 0 0 0 0 0 0 0 0
4.99 0 0 0 0 0 0 0 0
5 0 0 0 0 0 0 0 0
5.01 0 0 0 0 0 0 0 0
5.02 0 0 0 0 0 0 0 0
5.03 0 0 0 0 0 0 0 0
5.04 0 0 0 0 0 0 0 0
5.05 0 0 0 0 0 0 0 0
5.06 0 0 0 0 0 0 0 0
5.07 0 0 0 0 0 0 0 0
5.08 0 0 0 0 0 0 0 0
5.09 0 0 0 0 0 0 0 0
5.1 0 0 0 0 0 0 0 0
5.11 0 0 0 0 0 0 0 0
5.12 0 0 0 0 0 0 0 0
5.13 0 0 0 0 0 0 0 0
5.14 0 0 0 0 0 0 0 0
5.15 0 0 0 0 0 0 0 0
5.16 0 0 0 0 0 0 0 0
5.17 0 0 0 0 0 0 0 0
5.18 0 0 0 0 0 0 0 0
5.19 0 0 0 0 0 0 0 0
5.2 0 0 0 0 0 0 0 0
5.21 0 0 0 0 0 0 0 0
5.22 0 0 0 0 0 0 0 0
5.23 0 0 0 0 0 0 0 0
5.24 0 0 0 0 0 0 0 0
5.25 0 0 0 0 0 0 0 0
5.26 0 0 0 0 0 0 0 0
5.27 0 0 0 0 0 0 0 0
5.28 0 0 0 0 0 0 0 0
5.29 0 0 0 0 0 0 0 0
5.3 0 0 0 0 0 0 0 0
5.31 0 0 0 0 0 0 0 0
5.32 0 0 0 0 0 0 0 0
5.33 0 0 0 0 0 0 0 0
5.34 0 0 0 0 0 0 0 0
5.35 0 0 0 0 0 0 0 0
5.36 0 0 0 0 0 0 0 0
5.37 0 0 0 0 0 0 0 0
5.38 0 0 0 0 0 0 0 0
5.39 0 0 0 0 0 0 0 0
5.4 0 0 0 0 0 0 0 0
5.41 0 0 0 0 0 0 0 0
5.42 0 0 0 0 0 0 0 0
5.43 0 0 0 0 0 0 0 0
5.44 0 0 0 0 0 0 0 0
5.45 0 0 0 0 0 0 0 0
5.46 0 0 0 0 0 0 0 0
5.47 0 0 0 0 0 0 0 0
5.48 0 0 0 0 0 0 0 0
5.49 0 0 0 0 0 0 0 0
5.5 0 0 0 0 0 0 0 0
5.51 0 0 0 0 0 0 0 0
5.52 0 0 0 0 0 0 0 0
5.53 0 0 0 0 0 0 0 0
5.54 0 0 0 0 0 0 0 0
5.55 0 0 0 0 0 0 0 0
5.56 0 0 0 0 0 0 0 0
5.57 0 0 0 0 0 0 0 0
5.58 0 0 0 0 0 0 0 0
5.59 0 0 0 0 0 0 0 0
5.6 0 0 0 0 0 0 0 0
5.61 0 0 0 0 0 0 0 0
5.62 0 0 0 0 0 0 0 0
5.63 0 0 0 0 0 0 0 0
5.64 0 0 0 0 0 0 0 0
5.65 0 0 0 0 0 0 0 0
5.66 0 0 0 0 0 0 0 0
5.67 0 0 0 0 0 0 0 0
5.68 0 0 0 0 0 0 0 0
5.69 0 0 0 0 0 0 0 0
5.7 0 0 0 0 0 0 0 0
5.71 0 0 0 0 0 0 0 0
5.72 0 0 0 0 0 0 0 0
5.73 0 0 0 0 0 0 0 0
5.74 0 0 0 0 0 0 0 0
5.75 0 0 0 0 0 0 0 0
5.76 0 0 0 0 0 0 0 0
5.77 0 0 0 0 0 0 0 0
5.78 0 0 0 0 0 0 0 0
5.79 0 0 0 0 0 0 0 0
5.8 0 0 0 0 0 0 0 0
5.81 0 0 0 0 0 0 0 0
5.82 0 0 0 0 0 0 0 0
5.83 0 0 0 0 0 0 0 0
5.84 0 0 0 0 0 0 0 0
5.85 0 0 0 0 0 0 0 0
5.86 0 0 0 0 0 0 0 0
5.87 0 0 0 0 0 0 0 0
5.88 0 0 0 0 0 0 0 0
5.89 0 0 0 0 0 0 0 0
5.9 0 0 0 0 0 0 0 0
5.91 0 0 0 0 0 0 0 0
5.92 0 0 0 0 0 0 0 0
5.93 0 0 0 0 0 0 0 0
5.94 0 0 0 0 0 0 0 0
5.95 0 0 0 0 0 0 0 0
5.96 0 0 0 0 0 0 0 0
5.97 0 0 0 0 0 0 0 0
5.98 0 0 0 0 0 0 0 0
5.99 0 0 0 0 0 0 0 0
6 0 0 0 0 0 0 0 0
6.01 0 0 0 0 0 0 0 0
6.02 0 0 0 0 0 0 0 0
6.03 0 0 0 0 0 0 0 0
6.04 0 0 0 0 0 0 0 0
6.05 0 0 0 0 0 0 0 0
6.06 0 0 0 0 0 0 0 0
6.07 0 0 0 0 0 0 0 0
6.08 0 0 0 0 0 0 0 0
6.09 0 0 0 0 0 0 0 0
6.1 0 0 0 0 0 0 0 0
6.11 0 0 0 0 0 0 0 0
6.12 0 0 0 0 0 0 0 0
6.13 0 0 0 0 0 0 0 0
6.14 0 0 0 0 0 0 0 0
6.15 0 0 0 0 0 0 0 0
6.16 0 0 0 0 0 0 0 0
6.17 0 0 0 0 0 0 0 0
6.18 0 0 0 0 0 0 0 0
6.19 0 0 0 0 0 0 0 0
6.2 0 0 0 0 0 0 0 0
6.21 0 0 0 0 0 0 0 0
6.22 0 0 0 0 0 0 0 0
6.23 0 0 0 0 0 0 0 0
6.24 0 0 0 0 0 0 0 0
6.25 0 0 0 0 0 0 0 0
6.26 0 0 0 0 0 0 0 0
6.27 0 0 0 0 0 0 0 0
6.28 0 0 0 0 0 0 0 0
6.29 0 0 0 0 0 0 0 0
6.3 0 0 0 0 0 0 0 0
6.31 0 0 0 0 0 0 0 0
6.32 0 0 0 0 0 0 0 0
6.33 0 0 0 0 0 0 0 0
6.34 0 0 0 0 0 0 0 0
6.35 0 0 0 0 0 0 0 0
6.36 0 0 0 0 0 0 0 0
6.37 0 0 0 0 0 0 0 0
6.38 0 0 0 0 0 0 0 0
6.39 0 0 0 0 0 0 0 0
6.4 0 0 0 0 0 0 0 0
6.41 0 0 0 0 0 0 0 0
6.42 0 0 0 0 0 0 0 0
6.43 0 0 0 0 0 0 0 0
6.44 0 0 0 0 0 0 0 0
6.45 0 0 0 0 0 0 0 0
6.46 0 0 0 0 0 0 0 0
6.47 0 0 0 0 0 0 0 0
6.48 0 0 0 0 0 0 0 0
6.49 0 0 0 0 0 0 0 0
6.5 0 0 0 0 0 0 0 0
6.51 0 0 0 0 0 0 0 0
6.52 0 0 0 0 0 0 0 0
6.53 0 0 0 0 0 0 0 0
6.54 0 0 0 0 0 0 0 0
6.55 0 0 0 0 0 0 0 0
6.56 0 0 0 0 0 0 0 0
6.57 0 0 0 0 0 0 0 0
6.58 0 0 0 0 0 0 0 0
6.59 0 0 0 0 0 0 0 0
6.6 0 0 0 0 0 0 0 0
6.61 0 0 0 0 0 0 0 0
6.62 0 0 0 0 0 0 0 0
6.63 0 0 0 0 0 0 0 0
6.64 0 0 0 0 0 0 0 0
6.65 0 0 0 0 0 0 0 0
6.66 0 0 0 0 0 0 0 0
6.67 0 0 0 0 0 0 0 0
6.68 0 0 0 0 0 0 0 0
6.69 0 0 0 0 0 0 0 0
6.7 0 0 0 0 0 0 0 0
6.71 0 0 0 0 0 0 0 0
6.72 0 0 0 0 0 0 0 0
6.73 0 0 0 0 0 0 0 0
6.74 0 0 0 0 0 0 0 0
6.75 0 0 0 0 0 0 0 0
6.76 0 0 0 0 0 0 0 0
6.77 0 0 0 0 0 0 0 0
6.78 0 0 0 0 0 0 0 0
6.79 0 0 0 0 0 0 0 0
6.8 0 0 0 0 0 0 0 0
6.81 0 0 0 0 0 0 0 0
6.82 0 0 0 0 0 0 0 0
6.83 0 0 0 0 0 0 0 0
6.84 0 0 0 0 0 0 0 0
6.85 0 0 0 0 0 0 0 0
6.86 0 0 0 0 0 0 0 0
6.87 0 0 0 0 0 0 0 0
6.88 0 0 0 0 0 0 0 0
6.89 0 0 0 0 0 0 0 0
6.9 0 0 0 0 0 0 0 0
6.91 0 0 0 0 0 0 0 0
6.92 0 0 0 0 0 0 0 0
6.93 0 0 0 0 0 0 0 0
6.94 0 0 0 0 0 0 0 0
6.95 0 0 0 0 0 0 0 0
6.96 0 0 0 0 0 0 0 0
6.97 0 0 0 0 0 0 0 0
6.98 0 0 0 0 0 0 0 0
6.99 0 0 0 0 0 0 0 0
7 0 0 0 0 0 0 0 0
7.01 0 0 0 0 0 0 0 0
7.02 0 0 0 0 0 0 0 0
7.03 0 0 0 0 0 0 0 0
7.04 0 0 0 0 0 0 0 0
7.05 0 0 0 0 0 0 0 0
7.06 0 0 0 0 0 0 0 0
7.07 0 0 0 0 0 0 0 0
7.08 0 0 0 0 0 0 0 0
7.09 0 0 0 0 0 0 0 0
7.1 0 0 0 0 0 0 0 0
7.11 0 0 0 0 0 0 0 0
7.12 0 0 0 0 0 0 0 0
7.13 0 0 0 0 0 0 0 0
7.14 0 0 0 0 0 0 0 0
7.15 0 0 0 0 0 0 0 0
7.16 0 0 0 0 0 0 0 0
7.17 0 0 0 0 0 0 0 0
7.18 0 0 0 0 0 0 0 0
7.19 0 0 0 0 0 0 0 0
7.2 0 0 0 0 0 0 0 0
7.21 0 0 0 0 0 0 0 0
7.22 0 0 0 0 0 0 0 0
7.23 0 0 0 0 0 0 0 0
7.24 0 0 0 0 0 0 0 0
7.25 0 0 0 0 0 0 0 0
7.26 0 0 0 0 0 0 0 0
7.27 0 0 0 0 0 0 0 0
7.28 0 0 0 0 0 0 0 0
7.29 0 0 0 0 0 0 0 0
7.3 0 0 0 0 0 0 0 0
7.31 0 0 0 0 0 0 0 0
7.32 0 0 0 0 0 0 0 0
7.33 0 0 0 0 0 0 0 0
7.34 0 0 0 0 0 0 0 0
7.35 0 0 0 0 0 0 0 0
7.36 0 0 0 0 0 0 0 0
7.37 0 0 0 0 0 0 0 0
7.38 0 0 0 0 0 0 0 0
7.39 0 0 0 0 0 0 0 0
7.4 0 0 0 0 0 0 0 0
7.41 0 0 0 0 0 0 0 0
7.42 0 0 0 0 0 0 0 0
7.43 0 0 0 0 0 0 0 0
7.44 0 0 0 0 0 0 0 0
7.45 0 0 0 0 0 0 0 0
7.46 0 0 0 0 0 0 0 0
7.47 0 0 0 0 0 0 0 0
7.48 0 0 0 0 0 0 0 0
7.49 0 0 0 0 0 0 0 0
7.5 0 0 0 0 0 0 0 0
7.51 0 0 0 0 0 0 0 0
7.52 0 0 0 0 0 0 0 0
7.53 0 0 0 0 0 0 0 0
7.54 0 0 0 0 0 0 0 0
7.55 0 0 0 0 0 0 0 0
7.56 0 0 0 0 0 0 0 0
7.57 0 0 0 0 0 0 0 0
7.58 0 0 0 0 0 0 0 0
7.59 0 0 0 0 0 0 0 0
7.6 0 0 0 0 0 0 0 0
7.61 0 0 0 0 0 0 0 0
7.62 0 0 0 0 0 0 0 0
7.63 0 0 0 0 0 0 0 0
7.64 0 0 0 0 0 0 0 0
7.65 0 0 0 0 0 0 0 0
7.66 0 0 0 0 0 0 0 0
7.67 0 0 0 0 0 0 0 0
7.68 0 0 0 0 0 0 0 0
7.69 0 0 0 0 0 0 0 0
7.7 0 0 0 0 0 0 0 0
7.71 0 0 0 0 0 0 0 0
7.72 0 0 0 0 0 0 0 0
7.73 0 0 0 0 0 0 0 0
7.74 0 0 0 0 0 0 0 0
7.75 0 0 0 0 0 0 0 0
7.76 0 0 0 0 0 0 0 0
7.77 0 0 0 0 0 0 0 0
7.78 0 0 0 0 0 0 0 0
7.79 0 0 0 0 0 0 0 0
7.8 0 0 0 0 0 0 0 0
7.81 0 0 0 0 0 0 0 0
7.82 0 0 0 0 0 0 0 0
7.83 0 0 0 0 0 0 0 0
7.84 0 0 0 0 0 0 0 0
7.85 0 0 0 0 0 0 0 0
7.86 0 0 0 0 0 0 0 0
7.87 0 0 0 0 0 0 0 0
7.88 0 0 0 0 0 0 0 0
7.89 0 0 0 0 0 0 0 0
7.9 0 0 0 0 0 0 0 0
7.91 0 0 0 0 0 0 0 0
7.92 0 0 0 0 0 0 0 0
7.93 0 0 0 0 0 0 0 0
7.94 0 0 0 0 0 0 0 0
7.95 0 0 0 0 0 0 0 0
7.96 0 0 0 0 0 0 0 0
7.97 0 0 0 0 0 0 0 0
7.98 0 0 0 0 0 0 0 0
7.99 0 0 0 0 0 0 0 0
8 0 0 0 0 0 0 0 0
8.01 0 0 0 0 0 0 0 0
8.02 0 0 0 0 0 0 0 0
8.03 0 0 0 0 0 0 0 0
8.04 0 0 0 0 0 0 0 0
8.05 0 0 0 0 0 0 0 0
8.06 0 0 0 0 0 0 0 0
8.07 0 0 0 0 0 0 0 0
8.08 0 0 0 0 0 0 0 0
8.09 0 0 0 0 0 0 0 0
8.1 0 0 0 0 0 0 0 0
8.11 0 0 0 0 0 0 0 0
8.12 0 0 0 0 0 0 0 0
8.13 0 0 0 0 0 0 0 0
8.14 0 0 0 0 0 0 0 0
8.15 0 0 0 0 0 0 0 0
8.16 0 0 0 0 0 0 0 0
8.17 0 0 0 0 0 0 0 0
8.18 0 0 0 0 0 0 0 0
8.19 0 0 0 0 0 0 0 0
8.2 0 0 0 0 0 0 0 0
8.21 0 0 0 0 0 0 0 0
8.22 0 0 0 0 0 0 0 0
8.23 0 0 0 0 0 0 0 0
8.24 0 0 0 0 0 0 0 0
8.25 0 0 0 0 0 0 0 0
8.26 0 0 0 0 0 0 0 0
8.27 0 0 0 0 0 0 0 0
8.28 0 0 0 0 0 0 0 0
8.29 0 0 0 0 0 0 0 0
8.3 0 0 0 0 0 0 0 0
8.31 0 0 0 0 0 0 0 0
8.32 0 0 0 0 0 0 0 0
8.33 0 0 0 0 0 0 0 0
8.34 0 0 0 0 0 0 0 0
8.35 0 0 0 0 0 0 0 0
8.36 0 0 0 0 0 0 0 0
8.37 0 0 0 0 0 0 0 0
8.38 0 0 0 0 0 0 0 0
8.39 0 0 0 0 0 0 0 0
8.4 0 0 0 0 0 0 0 0
8.41 0 0 0 0 0 0 0 0
8.42 0 0 0 0 0 0 0 0
8.43 0 0 0 0 0 0 0 0
8.44 0 0 0 0 0 0 0 0
8.45 0 0 0 0 0 0 0 0
8.46 0 0 0 0 0 0 0 0
8.47 0 0 0 0 0 0 0 0
8.48 0 0 0 0 0 0 0 0
8.49 0 0 0 0 0 0 0 0
8.5 0 0 0 0 0 0 0 0
8.51 0 0 0 0 0 0 0 0
8.52 0 0 0 0 0 0 0 0
8.53 0 0 0 0 0 0 0 0
8.54 0 0 0 0 0 0 0 0
8.55 0 0 0 0 0 0 0 0
8.56 0 0 0 0 0 0 0 0
8.57 0 0 0 0 0 0 0 0
8.58 0 0 0 0 0 0 0 0
8.59 0 0 0 0 0 0 0 0
8.6 0 0 0 0 0 0 0 0
8.61 0 0 0 0 0 0 0 0
8.62 0 0 0 0 0 0 0 0
8.63 0 0 0 0 0 0 0 0
8.64 0 0 0 0 0 0 0 0
8.65 0 0 0 0 0 0 0 0
8.66 0 0 0 0 0 0 0 0
8.67 0 0 0 0 0 0 0 0
8.68 0 0 0 0 0 0 0 0
8.69 0 0 0 0 0 0 0 0
8.7 0 0 0 0 0 0 0 0
8.71 0 0 0 0 0 0 0 0
8.72 0 0 0 0 0 0 0 0
8.73 0 0 0 0 0 0 0 0
8.74 0 0 0 0 0 0 0 0
8.75 0 0 0 0 0 0 0 0
8.76 0 0 0 0 0 0 0 0
8.77 0 0 0 0 0 0 0 0
8.78 0 0 0 0 0 0 0 0
8.79 0 0 0 0 0 0 0 0
8.8 0 0 0 0 0 0 0 0
8.81 0 0 0 0 0 0 0 0
8.82 0 0 0 0 0 0 0 0
8.83 0 0 0 0 0 0 0 0
8.84 0 0 0 0 0 0 0 0
8.85 0 0 0 0 0 0 0 0
8.86 0 0 0 0 0 0 0 0
8.87 0 0 0 0 0 0 0 0
8.88 0 0 0 0 0 0 0 0
8.89 0 0 0 0 0 0 0 0
8.9 0 0 0 0 0 0 0 0
8.91 0 0 0 0 0 0 0 0
8.92 0 0 0 0 0 0 0 0
8.93 0 0 0 0 0 0 0 0
8.94 0 0 0 0 0 0 0 0
8.95 0 0 0 0 0 0 0 0
8.96 0 0 0 0 0 0 0 0
8.97 0 0 0 0 0 0 0 0
8.98 0 0 0 0 0 0 0 0
8.99 0 0 0 0 0 0 0 0
9 0 0 0 0 0 0 0 0
9.01 0 0 0 0 0 0 0 0
9.02 0 0 0 0 0 0 0 0
9.03 0 0 0 0 0 0 0 0
9.04 0 0 0 0 0 0 0 0
9.05 0 0 0 0 0 0 0 0
9.06 0 0 0 0 0 0 0 0
9.07 0 0 0 0 0 0 0 0
9.08 0 0 0 0 0 0 0 0
9.09 0 0 0 0 0 0 0 0
9.1 0 0 0 0 0 0 0 0
9.11 0 0 0 0 0 0 0 0
9.12 0 0 0 0 0 0 0 0
9.13 0 0 0 0 0 0 0 0
9.14 0 0 0 0 0 0 0 0
9.15 0 0 0 0 0 0 0 0
9.16 0 0 0 0 0 0 0 0
9.17 0 0 0 0 0 0 0 0
9.18 0 0 0 0 0 0 0 0
9.19 0 0 0 0 0 0 0 0
9.2 0 0 0 0 0 0 0 0
9.21 0 0 0 0 0 0 0 0
9.22 0 0 0 0 0 0 0 0
9.23 0 0 0 0 0 0 0 0
9.24 0 0 0 0 0 0 0 0
9.25 0 0 0 0 0 0 0 0
9.26 0 0 0 0 0 0 0 0
9.27 0 0 0 0 0 0 0 0
9.28 0 0 0 0 0 0 0 0
9.29 0 0 0 0 0 0 0 0
9.3 0 0 0 0 0 0 0 0
9.31 0 0 0 0 0 0 0 0
9.32 0 0 0 0 0 0 0 0
9.33 0 0 0 0 0 0 0 0
9.34 0 0 0 0 0 0 0 0
9.35 0 0 0 0 0 0 0 0
9.36 0 0 0 0 0 0 0 0
9.37 0 0 0 0 0 0 0 0
9.38 0 0 0 0 0 0 0 0
9.39 0 0 0 0 0 0 0 0
9.4 0 0 0 0 0 0 0 0
9.41 0 0 0 0 0 0 0 0
9.42 0 0 0 0 0 0 0 0
9.43 0 0 0 0 0 0 0 0
9.44 0 0 0 0 0 0 0 0
9.45 0 0 0 0 0 0 0 0
9.46 0 0 0 0 0 0 0 0
9.47 0 0 0 0 0 0 0 0
9.48 0 0 0 0 0 0 0 0
9.49 0 0 0 0 0 0 0 0
9.5 0 0 0 0 0 0 0 0
9.51 0 0 0 0 0 0 0 0
9.52 0 0 0 0 0 0 0 0
9.53 0 0 0 0 0 0 0 0
9.54 0 0 0 0 0 0 0 0
9.55 0 0 0 0 0 0 0 0
9.56 0 0 0 0 0 0 0 0
9.57 0 0 0 0 0 0 0 0
9.58 0 0 0 0 0 0 0 0
9.59 0 0 0 0 0 0 0 0
9.6 0 0 0 0 0 0 0 0
9.61 0 0 0 0 0 0 0 0
9.62 0 0 0 0 0 0 0 0
9.63 0 0 0 0 0 0 0 0
9.64 0 0 0 0 0 0 0 0
9.65 0 0 0 0 0 0 0 0
9.66 0 0 0 0 0 0 0 0
9.67 0 0 0 0 0 0 0 0
9.68 0 0 0 0 0 0 0 0
9.69 0 0 0 0 0 0 0 0
9.7 0 0 0 0 0 0 0 0
9.71 0 0 0 0 0 0 0 0
9.72 0 0 0 0 0 0 0 0
9.73 0 0 0 0 0 0 0 0
9.74 0 0 0 0 0 0 0 0
9.75 0 0 0 0 0 0 0 0
9.76 0 0 0 0 0 0 0 0
9.77 0 0 0 0 0 0 0 0
9.78 0 0 0 0 0 0 0 0
9.79 0 0 0 0 0 0 0 0
9.8 0 0 0 0 0 0 0 0
9.81 0 0 0 0 0 0 0 0
9.82 0 0 0 0 0 0 0 0
9.83 0 0 0 0 0 0 0 0
9.84 0 0 0 0 0 0 0 0
9.85 0 0 0 0 0 0 0 0
9.86 0 0 0 0 0 0 0 0
9.87 0 0 0 0 0 0 0 0
9.88 0 0 0 0 0 0 0 0
9.89 0 0 0 0 0 0 0 0
9.9 0 0 0 0 0 0 0 0
9.91 0 0 0 0 0 0 0 0
9.92 0 0 0 0 0 0 0 0
9.93 0 0 0 0 0 0 0 0
9.94 0 0 0 0 0 0 0 0
9.95 0 0 0 0 0 0 0 0
9.96 0 0 0 0 0 0 0 0
9.97 0 0 0 0 0 0 0 0
9.98 0 0 0 0 0 0 0 0
9.99 0 0 0 0 0 0 0 0
