-10 0 0 0 0 0 0 0 0
-9.99 0 0 0 0 0 0 0 0
-9.98 0 0 0 0 0 0 0 0
-9.97 0 0 0 0 0 0 0 0
-9.96 0 0 0 0 0 0 0 0
-9.95 0 0 0 0 0 0 0 0
-9.94 0 0 0 0 0 0 0 0
-9.93 0 0 0 0 0 0 0 0
-9.92 0 0 0 0 0 0 0 0
-9.91 0 0 0 0 0 0 0 0
-9.9 0 0 0 0 0 0 0 0
-9.89 0 0 0 0 0 0 0 0
-9.88 0 0 0 0 0 0 0 0
-9.87 0 0 0 0 0 0 0 0
-9.86 0 0 0 0 0 0 0 0
-9.85 0 0 0 0 0 0 0 0
-9.84 0 0 0 0 0 0 0 0
-9.83 0 0 0 0 0 0 0 0
-9.82 0 0 0 0 0 0 0 0
-9.81 0 0 0 0 0 0 0 0
-9.8 0 0 0 0 0 0 0 0
-9.79 0 0 0 0 0 0 0 0
-9.78 0 0 0 0 0 0 0 0
-9.77 0 0 0 0 0 0 0 0
-9.76 0 0 0 0 0 0 0 0
-9.75 0 0 0 0 0 0 0 0
-9.74 0 0 0 0 0 0 0 0
-9.73 0 0 0 0 0 0 0 0
-9.72 0 0 0 0 0 0 0 0
-9.71 0 0 0 0 0 0 0 0
-9.7 0 0 0 0 0 0 0 0
-9.69 0 0 0 0 0 0 0 0
-9.68 0 0 0 0 0 0 0 0
-9.67 0 0 0 0 0 0 0 0
-9.66 0 0 0 0 0 0 0 0
-9.65 0 0 0 0 0 0 0 0
-9.64 0 0 0 0 0 0 0 0
-9.63 0 0 0 0 0 0 0 0
-9.62 0 0 0 0 0 0 0 0
-9.61 0 0 0 0 0 0 0 0
-9.6 0 0 0 0 0 0 0 0
-9.59 0 0 0 0 0 0 0 0
-9.58 0 0 0 0 0 0 0 0
-9.57 0 0 0 0 0 0 0 0
-9.56 0 0 0 0 0 0 0 0
-9.55 0 0 0 0 0 0 0 0
-9.54 0 0 0 0 0 0 0 0
-9.53 0 0 0 0 0 0 0 0
-9.52 0 0 0 0 0 0 0 0
-9.51 0 0 0 0 0 0 0 0
-9.5 0 0 0 0 0 0 0 0
-9.49 0 0 0 0 0 0 0 0
-9.48 0 0 0 0 0 0 0 0
-9.47 0 0 0 0 0 0 0 0
-9.46 0 0 0 0 0 0 0 0
-9.45 0 0 0 0 0 0 0 0
-9.44 0 0 0 0 0 0 0 0
-9.43 0 0 0 0 0 0 0 0
-9.42 0 0 0 0 0 0 0 0
-9.41 0 0 0 0 0 0 0 0
-9.4 0 0 0 0 0 0 0 0
-9.39 0 0 0 0 0 0 0 0
-9.38 0 0 0 0 0 0 0 0
-9.37 0 0 0 0 0 0 0 0
-9.36 0 0 0 0 0 0 0 0
-9.35 0 0 0 0 0 0 0 0
-9.34 0 0 0 0 0 0 0 0
-9.33 0 0 0 0 0 0 0 0
-9.32 0 0 0 0 0 0 0 0
-9.31 0 0 0 0 0 0 0 0
-9.3 0 0 0 0 0 0 0 0
-9.29 0 0 0 0 0 0 0 0
-9.28 0 0 0 0 0 0 0 0
-9.27 0 0 0 0 0 0 0 0
-9.26 0 0 0 0 0 0 0 0
-9.25 0 0 0 0 0 0 0 0
-9.24 0 0 0 0 0 0 0 0
-9.23 0 0 0 0 0 0 0 0
-9.22 0 0 0 0 0 0 0 0
-9.21 0 0 0 0 0 0 0 0
-9.2 0 0 0 0 0 0 0 0
-9.19 0 0 0 0 0 0 0 0
-9.18 0 0 0 0 0 0 0 0
-9.17 0 0 0 0 0 0 0 0
-9.16 0 0 0 0 0 0 0 0
-9.15 0 0 0 0 0 0 0 0
-9.14 0 0 0 0 0 0 0 0
-9.13 0 0 0 0 0 0 0 0
-9.12 0 0 0 0 0 0 0 0
-9.11 0 0 0 0 0 0 0 0
-9.1 0 0 0 0 0 0 0 0
-9.09 0 0 0 0 0 0 0 0
-9.08 0 0 0 0 0 0 0 0
-9.07 0 0 0 0 0 0 0 0
-9.06 0 0 0 0 0 0 0 0
-9.05 0 0 0 0 0 0 0 0
-9.04 0 0 0 0 0 0 0 0
-9.03 0 0 0 0 0 0 0 0
-9.02 0 0 0 0 0 0 0 0
-9.01 0 0 0 0 0 0 0 0
-9 0 0 0 0 0 0 0 0
-8.99 0 0 0 0 0 0 0 0
-8.98 0 0 0 0 0 0 0 0
-8.97 0 0 0 0 0 0 0 0
-8.96 0 0 0 0 0 0 0 0
-8.95 0 0 0 0 0 0 0 0
-8.94 0 0 0 0 0 0 0 0
-8.93 0 0 0 0 0 0 0 0
-8.92 0 0 0 0 0 0 0 0
-8.91 0 0 0 0 0 0 0 0
-8.9 0 0 0 0 0 0 0 0
-8.89 0 0 0 0 0 0 0 0
-8.88 0 0 0 0 0 0 0 0
-8.87 0 0 0 0 0 0 0 0
-8.86 0 0 0 0 0 0 0 0
-8.85 0 0 0 0 0 0 0 0
-8.84 0 0 0 0 0 0 0 0
-8.83 0 0 0 0 0 0 0 0
-8.82 0 0 0 0 0 0 0 0
-8.81 0 0 0 0 0 0 0 0
-8.8 0 0 0 0 0 0 0 0
-8.79 0 0 0 0 0 0 0 0
-8.78 0 0 0 0 0 0 0 0
-8.77 0 0 0 0 0 0 0 0
-8.76 0 0 0 0 0 0 0 0
-8.75 0 0 0 0 0 0 0 0
-8.74 0 0 0 0 0 0 0 0
-8.73 0 0 0 0 0 0 0 0
-8.72 0 0 0 0 0 0 0 0
-8.71 0 0 0 0 0 0 0 0
-8.7 0 0 0 0 0 0 0 0
-8.69 0 0 0 0 0 0 0 0
-8.68 0 0 0 0 0 0 0 0
-8.67 0 0 0 0 0 0 0 0
-8.66 0 0 0 0 0 0 0 0
-8.65 0 0 0 0 0 0 0 0
-8.64 0 0 0 0 0 0 0 0
-8.63 0 0 0 0 0 0 0 0
-8.62 0 0 0 0 0 0 0 0
-8.61 0 0 0 0 0 0 0 0
-8.6 0 0 0 0 0 0 0 0
-8.59 0 0 0 0 0 0 0 0
-8.58 0 0 0 0 0 0 0 0
-8.57 0 0 0 0 0 0 0 0
-8.56 0 0 0 0 0 0 0 0
-8.55 0 0 0 0 0 0 0 0
-8.54 0 0 0 0 0 0 0 0
-8.53 0 0 0 0 0 0 0 0
-8.52 0 0 0 0 0 0 0 0
-8.51 0 0 0 0 0 0 0 0
-8.5 0 0 0 0 0 0 0 0
-8.49 0 0 0 0 0 0 0 0
-8.48 0 0 0 0 0 0 0 0
-8.47 0 0 0 0 0 0 0 0
-8.46 0 0 0 0 0 0 0 0
-8.45 0 0 0 0 0 0 0 0
-8.44 0 0 0 0 0 0 0 0
-8.43 0 0 0 0 0 0 0 0
-8.42 0 0 0 0 0 0 0 0
-8.41 0 0 0 0 0 0 0 0
-8.4 0 0 0 0 0 0 0 0
-8.39 0 0 0 0 0 0 0 0
-8.38 0 0 0 0 0 0 0 0
-8.37 0 0 0 0 0 0 0 0
-8.36 0 0 0 0 0 0 0 0
-8.35 0 0 0 0 0 0 0 0
-8.34 0 0 0 0 0 0 0 0
-8.33 0 0 0 0 0 0 0 0
-8.32 0 0 0 0 0 0 0 0
-8.31 0 0 0 0 0 0 0 0
-8.3 0 0 0 0 0 0 0 0
-8.29 0 0 0 0 0 0 0 0
-8.28 0 0 0 0 0 0 0 0
-8.27 0 0 0 0 0 0 0 0
-8.26 0 0 0 0 0 0 0 0
-8.25 0 0 0 0 0 0 0 0
-8.24 0 0 0 0 0 0 0 0
-8.23 0 0 0 0 0 0 0 0
-8.22 0 0 0 0 0 0 0 0
-8.21 0 0 0 0 0 0 0 0
-8.2 0 0 0 0 0 0 0 0
-8.19 0 0 0 0 0 0 0 0
-8.18 0 0 0 0 0 0 0 0
-8.17 0 0 0 0 0 0 0 0
-8.16 0 0 0 0 0 0 0 0
-8.15 0 0 0 0 0 0 0 0
-8.14 0 0 0 0 0 0 0 0
-8.13 0 0 0 0 0 0 0 0
-8.12 0 0 0 0 0 0 0 0
-8.11 0 0 0 0 0 0 0 0
-8.1 0 0 0 0 0 0 0 0
-8.09 0 0 0 0 0 0 0 0
-8.08 0 0 0 0 0 0 0 0
-8.07 0 0 0 0 0 0 0 0
-8.06 0 0 0 0 0 0 0 0
-8.05 0 0 0 0 0 0 0 0
-8.04 0 0 0 0 0 0 0 0
-8.03 0 0 0 0 0 0 0 0
-8.02 0 0 0 0 0 0 0 0
-8.01 0 0 0 0 0 0 0 0
-8 0 0 0 0 0 0 0 0
-7.99 0 0 0 0 0 0 0 0
-7.98 0 0 0 0 0 0 0 0
-7.97 0 0 0 0 0 0 0 0
-7.96 0 0 0 0 0 0 0 0
-7.95 0 0 0 0 0 0 0 0
-7.94 0 0 0 0 0 0 0 0
-7.93 0 0 0 0 0 0 0 0
-7.92 0 0 0 0 0 0 0 0
-7.91 0 0 0 0 0 0 0 0
-7.9 0 0 0 0 0 0 0 0
-7.89 0 0 0 0 0 0 0 0
-7.88 0 0 0 0 0 0 0 0
-7.87 0 0 0 0 0 0 0 0
-7.86 0 0 0 0 0 0 0 0
-7.85 0 0 0 0 0 0 0 0
-7.84 0 0 0 0 0 0 0 0
-7.83 0 0 0 0 0 0 0 0
-7.82 0 0 0 0 0 0 0 0
-7.81 0 0 0 0 0 0 0 0
-7.8 0 0 0 0 0 0 0 0
-7.79 0 0 0 0 0 0 0 0
-7.78 0 0 0 0 0 0 0 0
-7.77 0 0 0 0 0 0 0 0
-7.76 0 0 0 0 0 0 0 0
-7.75 0 0 0 0 0 0 0 0
-7.74 0 0 0 0 0 0 0 0
-7.73 0 0 0 0 0 0 0 0
-7.72 0 0 0 0 0 0 0 0
-7.71 0 0 0 0 0 0 0 0
-7.7 0 0 0 0 0 0 0 0
-7.69 0 0 0 0 0 0 0 0
-7.68 0 0 0 0 0 0 0 0
-7.67 0 0 0 0 0 0 0 0
-7.66 0 0 0 0 0 0 0 0
-7.65 0 0 0 0 0 0 0 0
-7.64 0 0 0 0 0 0 0 0
-7.63 0 0 0 0 0 0 0 0
-7.62 0 0 0 0 0 0 0 0
-7.61 0 0 0 0 0 0 0 0
-7.6 0 0 0 0 0 0 0 0
-7.59 0 0 0 0 0 0 0 0
-7.58 0 0 0 0 0 0 0 0
-7.57 0 0 0 0 0 0 0 0
-7.56 0 0 0 0 0 0 0 0
-7.55 0 0 0 0 0 0 0 0
-7.54 0 0 0 0 0 0 0 0
-7.53 0 0 0 0 0 0 0 0
-7.52 0 0 0 0 0 0 0 0
-7.51 0 0 0 0 0 0 0 0
-7.5 0 0 0 0 0 0 0 0
-7.49 0 0 0 0 0 0 0 0
-7.48 0 0 0 0 0 0 0 0
-7.47 0 0 0 0 0 0 0 0
-7.46 0 0 0 0 0 0 0 0
-7.45 0 0 0 0 0 0 0 0
-7.44 0 0 0 0 0 0 0 0
-7.43 0 0 0 0 0 0 0 0
-7.42 0 0 0 0 0 0 0 0
-7.41 0 0 0 0 0 0 0 0
-7.4 0 0 0 0 0 0 0 0
-7.39 0 0 0 0 0 0 0 0
-7.38 0 0 0 0 0 0 0 0
-7.37 0 0 0 0 0 0 0 0
-7.36 0 0 0 0 0 0 0 0
-7.35 0 0 0 0 0 0 0 0
-7.34 0 0 0 0 0 0 0 0
-7.33 0 0 0 0 0 0 0 0
-7.32 0 0 0 0 0 0 0 0
-7.31 0 0 0 0 0 0 0 0
-7.3 0 0 0 0 0 0 0 0
-7.29 0 0 0 0 0 0 0 0
-7.28 0 0 0 0 0 0 0 0
-7.27 0 0 0 0 0 0 0 0
-7.26 0 0 0 0 0 0 0 0
-7.25 0 0 0 0 0 0 0 0
-7.24 0 0 0 0 0 0 0 0
-7.23 0 0 0 0 0 0 0 0
-7.22 0 0 0 0 0 0 0 0
-7.21 0 0 0 0 0 0 0 0
-7.2 0 0 0 0 0 0 0 0
-7.19 0 0 0 0 0 0 0 0
-7.18 0 0 0 0 0 0 0 0
-7.17 0 0 0 0 0 0 0 0
-7.16 0 0 0 0 0 0 0 0
-7.15 0 0 0 0 0 0 0 0
-7.14 0 0 0 0 0 0 0 0
-7.13 0 0 0 0 0 0 0 0
-7.12 0 0 0 0 0 0 0 0
-7.11 0 0 0 0 0 0 0 0
-7.1 0 0 0 0 0 0 0 0
-7.09 0 0 0 0 0 0 0 0
-7.08 0 0 0 0 0 0 0 0
-7.07 0 0 0 0 0 0 0 0
-7.06 0 0 0 0 0 0 0 0
-7.05 0 0 0 0 0 0 0 0
-7.04 0 0 0 0 0 0 0 0
-7.03 0 0 0 0 0 0 0 0
-7.02 0 0 0 0 0 0 0 0
-7.01 0 0 0 0 0 0 0 0
-7 0 0 0 0 0 0 0 0
-6.99 0 0 0 0 0 0 0 0
-6.98 0 0 0 0 0 0 0 0
-6.97 0 0 0 0 0 0 0 0
-6.96 0 0 0 0 0 0 0 0
-6.95 0 0 0 0 0 0 0 0
-6.94 0 0 0 0 0 0 0 0
-6.93 0 0 0 0 0 0 0 0
-6.92 0 0 0 0 0 0 0 0
-6.91 0 0 0 0 0 0 0 0
-6.9 0 0 0 0 0 0 0 0
-6.89 0 0 0 0 0 0 0 0
-6.88 0 0 0 0 0 0 0 0
-6.87 0 0 0 0 0 0 0 0
-6.86 0 0 0 0 0 0 0 0
-6.85 0 0 0 0 0 0 0 0
-6.84 0 0 0 0 0 0 0 0
-6.83 0 0 0 0 0 0 0 0
-6.82 0 0 0 0 0 0 0 0
-6.81 0 0 0 0 0 0 0 0
-6.8 0 0 0 0 0 0 0 0
-6.79 0 0 0 0 0 0 0 0
-6.78 0 0 0 0 0 0 0 0
-6.77 0 0 0 0 0 0 0 0
-6.76 0 0 0 0 0 0 0 0
-6.75 0 0 0 0 0 0 0 0
-6.74 0 0 0 0 0 0 0 0
-6.73 0 0 0 0 0 0 0 0
-6.72 0 0 0 0 0 0 0 0
-6.71 0 0 0 0 0 0 0 0
-6.7 0 0 0 0 0 0 0 0
-6.69 0 0 0 0 0 0 0 0
-6.68 0 0 0 0 0 0 0 0
-6.67 0 0 0 0 0 0 0 0
-6.66 0 0 0 0 0 0 0 0
-6.65 0 0 0 0 0 0 0 0
-6.64 0 0 0 0 0 0 0 0
-6.63 0 0 0 0 0 0 0 0
-6.62 0 0 0 0 0 0 0 0
-6.61 0 0 0 0 0 0 0 0
-6.6 0 0 0 0 0 0 0 0
-6.59 0 0 0 0 0 0 0 0
-6.58 0 0 0 0 0 0 0 0
-6.57 0 0 0 0 0 0 0 0
-6.56 0 0 0 0 0 0 0 0
-6.55 0 0 0 0 0 0 0 0
-6.54 0 0 0 0 0 0 0 0
-6.53 0 0 0 0 0 0 0 0
-6.52 0 0 0 0 0 0 0 0
-6.51 0 0 0 0 0 0 0 0
-6.5 0 0 0 0 0 0 0 0
-6.49 0 0 0 0 0 0 0 0
-6.48 0 0 0 0 0 0 0 0
-6.47 0 0 0 0 0 0 0 0
-6.46 0 0 0 0 0 0 0 0
-6.45 0 0 0 0 0 0 0 0
-6.44 0 0 0 0 0 0 0 0
-6.43 0 0 0 0 0 0 0 0
-6.42 0 0 0 0 0 0 0 0
-6.41 0 0 0 0 0 0 0 0
-6.4 0 0 0 0 0 0 0 0
-6.39 0 0 0 0 0 0 0 0
-6.38 0 0 0 0 0 0 0 0
-6.37 0 0 0 0 0 0 0 0
-6.36 0 0 0 0 0 0 0 0
-6.35 0 0 0 0 0 0 0 0
-6.34 0 0 0 0 0 0 0 0
-6.33 0 0 0 0 0 0 0 0
-6.32 0 0 0 0 0 0 0 0
-6.31 0 0 0 0 0 0 0 0
-6.3 0 0 0 0 0 0 0 0
-6.29 0 0 0 0 0 0 0 0
-6.28 0 0 0 0 0 0 0 0
-6.27 0 0 0 0 0 0 0 0
-6.26 0 0 0 0 0 0 0 0
-6.25 0 0 0 0 0 0 0 0
-6.24 0 0 0 0 0 0 0 0
-6.23 0 0 0 0 0 0 0 0
-6.22 0 0 0 0 0 0 0 0
-6.21 0 0 0 0 0 0 0 0
-6.2 0 0 0 0 0 0 0 0
-6.19 0 0 0 0 0 0 0 0
-6.18 0 0 0 0 0 0 0 0
-6.17 0 0 0 0 0 0 0 0
-6.16 0 0 0 0 0 0 0 0
-6.15 0 0 0 0 0 0 0 0
-6.14 0 0 0 0 0 0 0 0
-6.13 0 0 0 0 0 0 0 0
-6.12 0 0 0 0 0 0 0 0
-6.11 0 0 0 0 0 0 0 0
-6.1 0 0 0 0 0 0 0 0
-6.09 0 0 0 0 0 0 0 0
-6.08 0 0 0 0 0 0 0 0
-6.07 0 0 0 0 0 0 0 0
-6.06 0 0 0 0 0 0 0 0
-6.05 0 0 0 0 0 0 0 0
-6.04 0 0 0 0 0 0 0 0
-6.03 0 0 0 0 0 0 0 0
-6.02 0 0 0 0 0 0 0 0
-6.01 0 0 0 0 0 0 0 0
-6 0 0 0 0 0 0 0 0
-5.99 0 0 0 0 0 0 0 0
-5.98 0 0 0 0 0 0 0 0
-5.97 0 0 0 0 0 0 0 0
-5.96 0 0 0 0 0 0 0 0
-5.95 0 0 0 0 0 0 0 0
-5.94 0 0 0 0 0 0 0 0
-5.93 0 0 0 0 0 0 0 0
-5.92 0 0 0 0 0 0 0 0
-5.91 0 0 0 0 0 0 0 0
-5.9 0 0 0 0 0 0 0 0
-5.89 0 0 0 0 0 0 0 0
-5.88 0 0 0 0 0 0 0 0
-5.87 0 0 0 0 0 0 0 0
-5.86 0 0 0 0 0 0 0 0
-5.85 0 0 0 0 0 0 0 0
-5.84 0 0 0 0 0 0 0 0
-5.83 0 0 0 0 0 0 0 0
-5.82 0 0 0 0 0 0 0 0
-5.81 0 0 0 0 0 0 0 0
-5.8 0 0 0 0 0 0 0 0
-5.79 0 0 0 0 0 0 0 0
-5.78 0 0 0 0 0 0 0 0
-5.77 0 0 0 0 0 0 0 0
-5.76 0 0 0 0 0 0 0 0
-5.75 0 0 0 0 0 0 0 0
-5.74 0 0 0 0 0 0 0 0
-5.73 0 0 0 0 0 0 0 0
-5.72 0 0 0 0 0 0 0 0
-5.71 0 0 0 0 0 0 0 0
-5.7 0 0 0 0 0 0 0 0
-5.69 0 0 0 0 0 0 0 0
-5.68 0 0 0 0 0 0 0 0
-5.67 0 0 0 0 0 0 0 0
-5.66 0 0 0 0 0 0 0 0
-5.65 0 0 0 0 0 0 0 0
-5.64 0 0 0 0 0 0 0 0
-5.63 0 0 0 0 0 0 0 0
-5.62 0 0 0 0 0 0 0 0
-5.61 0 0 0 0 0 0 0 0
-5.6 0 0 0 0 0 0 0 0
-5.59 0 0 0 0 0 0 0 0
-5.58 0 0 0 0 0 0 0 0
-5.57 0 0 0 0 0 0 0 0
-5.56 0 0 0 0 0 0 0 0
-5.55 0 0 0 0 0 0 0 0
-5.54 0 0 0 0 0 0 0 0
-5.53 0 0 0 0 0 0 0 0
-5.52 0 0 0 0 0 0 0 0
-5.51 0 0 0 0 0 0 0 0
-5.5 0 0 0 0 0 0 0 0
-5.49 0 0 0 0 0 0 0 0
-5.48 0 0 0 0 0 0 0 0
-5.47 0 0 0 0 0 0 0 0
-5.46 0 0 0 0 0 0 0 0
-5.45 0 0 0 0 0 0 0 0
-5.44 0 0 0 0 0 0 0 0
-5.43 0 0 0 0 0 0 0 0
-5.42 0 0 0 0 0 0 0 0
-5.41 0 0 0 0 0 0 0 0
-5.4 0 0 0 0 0 0 0 0
-5.39 0 0 0 0 0 0 0 0
-5.38 0 0 0 0 0 0 0 0
-5.37 0 0 0 0 0 0 0 0
-5.36 0 0 0 0 0 0 0 0
-5.35 0 0 0 0 0 0 0 0
-5.34 0 0 0 0 0 0 0 0
-5.33 0 0 0 0 0 0 0 0
-5.32 0 0 0 0 0 0 0 0
-5.31 0 0 0 0 0 0 0 0
-5.3 0 0 0 0 0 0 0 0
-5.29 0 0 0 0 0 0 0 0
-5.28 0 0 0 0 0 0 0 0
-5.27 0 0 0 0 0 0 0 0
-5.26 0 0 0 0 0 0 0 0
-5.25 0 0 0 0 0 0 0 0
-5.24 0 0 0 0 0 0 0 0
-5.23 0 0 0 0 0 0 0 0
-5.22 0 0 0 0 0 0 0 0
-5.21 0 0 0 0 0 0 0 0
-5.2 0 0 0 0 0 0 0 0
-5.19 0 0 0 0 0 0 0 0
-5.18 0 0 0 0 0 0 0 0
-5.17 0 0 0 0 0 0 0 0
-5.16 0 0 0 0 0 0 0 0
-5.15 0 0 0 0 0 0 0 0
-5.14 0 0 0 0 0 0 0 0
-5.13 0 0 0 0 0 0 0 0
-5.12 0 0 0 0 0 0 0 0
-5.11 0 0 0 0 0 0 0 0
-5.1 0 0 0 0 0 0 0 0
-5.09 0 0 0 0 0 0 0 0
-5.08 0 0 0 0 0 0 0 0
-5.07 0 0 0 0 0 0 0 0
-5.06 0 0 0 0 0 0 0 0
-5.05 0 0 0 0 0 0 0 0
-5.04 0 0 0 0 0 0 0 0
-5.03 0 0 0 0 0 0 0 0
-5.02 0 0 0 0 0 0 0 0
-5.01 0 0 0 0 0 0 0 0
-5 0.004705 0.00501 0.005395 0.004795 0.00483 0.005315 0.00541 0.00542
-4.99 0.00887 0.009045 0.009615 0.00881 0.00921 0.00941 0.009795 0.00922
-4.98 0.010975 0.011965 0.01207 0.011935 0.012255 0.011555 0.012425 0.012275
-4.97 0.013585 0.01432 0.013815 0.01388 0.014115 0.013795 0.014475 0.01452
-4.96 0.015665 0.01644 0.01588 0.016185 0.015745 0.01608 0.01628 0.01641
-4.95 0.017605 0.01803 0.017655 0.01763 0.018095 0.018095 0.018135 0.018525
-4.94 0.018745 0.01986 0.019345 0.01885 0.01939 0.01954 0.020075 0.01995
-4.93 0.021 0.020855 0.021425 0.02064 0.020305 0.02123 0.021725 0.021195
-4.92 0.022295 0.023085 0.021985 0.022365 0.0219 0.02186 0.02263 0.023145
-4.91 0.023165 0.023805 0.02416 0.023815 0.02365 0.02292 0.024025 0.024925
-4.9 0.024665 0.0255 0.02495 0.02431 0.02524 0.025125 0.02515 0.02594
-4.89 0.02548 0.026825 0.02599 0.02614 0.02515 0.02694 0.027135 0.02724
-4.88 0.026725 0.027625 0.028125 0.02752 0.027845 0.027585 0.02779 0.02792
-4.87 0.02787 0.02898 0.028435 0.027235 0.027775 0.028225 0.02961 0.02881
-4.86 0.02916 0.030395 0.03022 0.03038 0.02944 0.02924 0.02969 0.02994
-4.85 0.030695 0.03088 0.03011 0.030555 0.0291 0.030455 0.03161 0.031805
-4.84 0.03087 0.031765 0.032 0.03178 0.03147 0.0317 0.03184 0.03177
-4.83 0.03251 0.033035 0.03292 0.0326 0.032465 0.032975 0.033005 0.033255
-4.82 0.03376 0.03451 0.034135 0.033445 0.0335 0.033255 0.03413 0.034785
-4.81 0.033765 0.034865 0.03439 0.033915 0.033785 0.034865 0.035675 0.03583
-4.8 0.034755 0.035695 0.03563 0.035035 0.035485 0.035825 0.036425 0.036305
-4.79 0.035985 0.03623 0.036165 0.03597 0.035035 0.036185 0.037045 0.03714
-4.78 0.03747 0.03751 0.03766 0.035945 0.036595 0.037405 0.03735 0.037425
-4.77 0.03865 0.037885 0.03748 0.03758 0.037125 0.038085 0.03921 0.03865
-4.76 0.03832 0.03815 0.03915 0.03817 0.03851 0.03907 0.03846 0.03964
-4.75 0.03934 0.039145 0.041095 0.038645 0.038435 0.03976 0.038975 0.040495
-4.74 0.03975 0.04027 0.04073 0.040955 0.03994 0.040245 0.040845 0.041375
-4.73 0.040355 0.04121 0.04137 0.04124 0.040865 0.041055 0.042265 0.041565
-4.72 0.041465 0.042275 0.041355 0.041805 0.04111 0.04203 0.041975 0.041755
-4.71 0.043105 0.04268 0.04267 0.04248 0.041805 0.042645 0.0435 0.04297
-4.7 0.043725 0.043265 0.043705 0.04285 0.04241 0.043525 0.043725 0.04362
-4.69 0.04341 0.044245 0.04436 0.044255 0.04295 0.044915 0.044225 0.044335
-4.68 0.04486 0.04443 0.0442 0.044385 0.04411 0.044545 0.045115 0.04578
-4.67 0.0448 0.04493 0.04617 0.0439 0.044145 0.0451 0.04577 0.0459
-4.66 0.045975 0.04579 0.0464 0.04461 0.04588 0.046015 0.04571 0.046215
-4.65 0.046685 0.04659 0.047115 0.045485 0.04594 0.04678 0.04788 0.04769
-4.64 0.046895 0.04718 0.048055 0.047745 0.047055 0.04746 0.046315 0.048385
-4.63 0.04761 0.048215 0.048645 0.046565 0.04764 0.048255 0.048675 0.04772
-4.62 0.049015 0.048285 0.049025 0.049 0.047355 0.04845 0.048625 0.049545
-4.61 0.04769 0.04971 0.04951 0.047945 0.04853 0.04964 0.04988 0.04925
-4.6 0.049245 0.04977 0.05039 0.048685 0.04909 0.04991 0.050725 0.050675
-4.59 0.04924 0.050415 0.050075 0.04898 0.050105 0.051325 0.05174 0.05136
-4.58 0.050075 0.05035 0.052225 0.05064 0.05044 0.05116 0.050935 0.051155
-4.57 0.050835 0.05119 0.051905 0.04981 0.051015 0.052645 0.051235 0.0515
-4.56 0.051755 0.051815 0.05281 0.05129 0.051885 0.052495 0.05256 0.05327
-4.55 0.05221 0.05319 0.05323 0.05198 0.052915 0.052885 0.053535 0.05237
-4.54 0.053525 0.053675 0.0535 0.05303 0.053085 0.054495 0.053585 0.05362
-4.53 0.053515 0.053705 0.053445 0.053235 0.05282 0.05379 0.053305 0.05444
-4.52 0.05354 0.05441 0.054915 0.05353 0.05443 0.054985 0.05328 0.05502
-4.51 0.054795 0.05388 0.05583 0.053125 0.05402 0.05359 0.054475 0.054865
-4.5 0.05467 0.0552 0.055745 0.0552 0.05568 0.054525 0.055715 0.056035
-4.49 0.055515 0.0562 0.056605 0.056355 0.054315 0.055975 0.055815 0.05678
-4.48 0.055775 0.055835 0.05621 0.055635 0.056305 0.056765 0.055595 0.056415
-4.47 0.05678 0.05625 0.057945 0.05581 0.05609 0.05601 0.057455 0.05659
-4.46 0.05754 0.0572 0.05761 0.05656 0.057375 0.056985 0.05685 0.058045
-4.45 0.058145 0.058015 0.05802 0.05662 0.058835 0.057935 0.056675 0.0583
-4.44 0.05714 0.05758 0.058835 0.05836 0.059125 0.0581 0.059545 0.05872
-4.43 0.05875 0.058365 0.05977 0.057205 0.05893 0.05938 0.059755 0.05926
-4.42 0.059545 0.05853 0.06033 0.05859 0.058895 0.059085 0.057985 0.059095
-4.41 0.06162 0.05932 0.059905 0.058555 0.059715 0.05905 0.06036 0.0601
-4.4 0.060685 0.060045 0.06107 0.058855 0.05912 0.06049 0.05966 0.0609
-4.39 0.060705 0.061435 0.06108 0.05948 0.05974 0.06025 0.06013 0.06112
-4.38 0.060765 0.060465 0.062815 0.05951 0.060945 0.0612 0.06107 0.06196
-4.37 0.0617 0.061635 0.06242 0.060155 0.061895 0.06152 0.06137 0.06237
-4.36 0.06271 0.061355 0.06219 0.06034 0.060425 0.06199 0.06141 0.062335
-4.35 0.062095 0.061945 0.063565 0.06122 0.062095 0.062715 0.06211 0.06296
-4.34 0.062375 0.06239 0.0637 0.06183 0.061595 0.062605 0.06243 0.063075
-4.33 0.06265 0.06285 0.063325 0.06257 0.063365 0.06311 0.062095 0.06489
-4.32 0.06488 0.062805 0.0652 0.06185 0.063795 0.063455 0.063615 0.065125
-4.31 0.06371 0.06419 0.064315 0.06247 0.063715 0.06438 0.064405 0.06385
-4.3 0.06419 0.064385 0.064625 0.06382 0.06485 0.06494 0.06458 0.064345
-4.29 0.064505 0.064855 0.06628 0.064265 0.06446 0.06464 0.065125 0.066735
-4.28 0.06565 0.065075 0.067175 0.063965 0.0652 0.06631 0.065625 0.06566
-4.27 0.064835 0.06524 0.066205 0.064335 0.06497 0.065655 0.06652 0.06643
-4.26 0.065965 0.066095 0.067015 0.065185 0.066655 0.06664 0.06663 0.067245
-4.25 0.06645 0.065565 0.067205 0.06563 0.066995 0.066 0.066755 0.0679
-4.24 0.06783 0.066045 0.067265 0.065045 0.066855 0.066235 0.065615 0.068265
-4.23 0.06653 0.066025 0.067235 0.06576 0.06787 0.067845 0.066705 0.068495
-4.22 0.067595 0.06807 0.069035 0.06552 0.06725 0.06869 0.067905 0.068515
-4.21 0.06928 0.06703 0.068775 0.067145 0.068495 0.067995 0.067715 0.067865
-4.2 0.068965 0.06817 0.069985 0.06681 0.069505 0.06832 0.06811 0.06923
-4.19 0.06943 0.069115 0.07018 0.067945 0.06855 0.06876 0.06867 0.068605
-4.18 0.070075 0.068985 0.07014 0.06768 0.06983 0.069115 0.069985 0.07001
-4.17 0.069275 0.06863 0.070935 0.06935 0.069495 0.06933 0.06894 0.070585
-4.16 0.07047 0.069565 0.070725 0.069515 0.069295 0.069085 0.070295 0.071995
-4.15 0.071485 0.069455 0.07142 0.06932 0.06977 0.069895 0.070115 0.070405
-4.14 0.07049 0.072025 0.07059 0.06949 0.0701 0.07115 0.07091 0.071385
-4.13 0.07159 0.070085 0.07092 0.07031 0.07146 0.07115 0.070505 0.070795
-4.12 0.071895 0.07204 0.071765 0.06983 0.070585 0.07186 0.071265 0.071915
-4.11 0.0718 0.07234 0.072005 0.07056 0.07282 0.072475 0.07138 0.07141
-4.1 0.07253 0.071365 0.072315 0.070725 0.07192 0.071695 0.071505 0.071575
-4.09 0.07151 0.07212 0.07307 0.071785 0.07284 0.07195 0.070685 0.07299
-4.08 0.07399 0.07326 0.074295 0.071855 0.07242 0.074105 0.072905 0.072675
-4.07 0.073595 0.073085 0.074065 0.070385 0.073185 0.074105 0.071745 0.073345
-4.06 0.074215 0.07177 0.073745 0.07287 0.07286 0.073445 0.071695 0.07395
-4.05 0.07491 0.07334 0.074835 0.07277 0.074065 0.07338 0.073425 0.073875
-4.04 0.073125 0.073725 0.074385 0.071445 0.07379 0.073945 0.07328 0.07485
-4.03 0.07571 0.074565 0.073395 0.07415 0.074005 0.074175 0.072935 0.07521
-4.02 0.074835 0.074235 0.075435 0.072635 0.074965 0.074685 0.0741 0.07558
-4.01 0.07513 0.07581 0.07565 0.07382 0.075335 0.07481 0.074915 0.07609
-4 0.07594 0.07486 0.075635 0.07577 0.0758 0.07458 0.075645 0.07623
-3.99 0.075175 0.074985 0.07681 0.075145 0.07589 0.074345 0.074595 0.0766
-3.98 0.07618 0.07596 0.075975 0.075325 0.075775 0.07619 0.07544 0.07561
-3.97 0.07581 0.076605 0.07628 0.07582 0.077035 0.076745 0.07522 0.07676
-3.96 0.07658 0.07744 0.076625 0.07665 0.07687 0.07679 0.074695 0.07767
-3.95 0.078115 0.077405 0.076775 0.075895 0.07799 0.076885 0.077025 0.07741
-3.94 0.077115 0.077635 0.078675 0.07634 0.077625 0.077965 0.076995 0.07792
-3.93 0.07795 0.07784 0.07804 0.078015 0.077835 0.077825 0.07809 0.077725
-3.92 0.078055 0.07714 0.079035 0.076085 0.079295 0.07832 0.07738 0.076385
-3.91 0.078405 0.0791 0.079185 0.07871 0.07897 0.078785 0.076665 0.0788
-3.9 0.078535 0.0786 0.078415 0.07776 0.07867 0.077835 0.07764 0.078225
-3.89 0.0789 0.077905 0.07937 0.07794 0.07844 0.07907 0.07905 0.079945
-3.88 0.079675 0.079845 0.079465 0.077395 0.07998 0.079475 0.078645 0.08098
-3.87 0.080175 0.079245 0.079675 0.078255 0.079195 0.078215 0.0773 0.08047
-3.86 0.08044 0.07992 0.08045 0.078365 0.07913 0.07923 0.07814 0.080015
-3.85 0.08107 0.079865 0.08174 0.078195 0.08128 0.08023 0.08066 0.08102
-3.84 0.080005 0.079755 0.08004 0.07914 0.07994 0.079765 0.079565 0.08034
-3.83 0.080495 0.079995 0.08068 0.08043 0.081005 0.08128 0.08024 0.080745
-3.82 0.080725 0.08203 0.0805 0.08013 0.0819 0.0805 0.08073 0.081785
-3.81 0.0806 0.08201 0.082645 0.080365 0.081525 0.08125 0.080605 0.081155
-3.8 0.0821 0.08043 0.082155 0.08059 0.08308 0.08149 0.0798 0.082465
-3.79 0.081935 0.080995 0.08242 0.08043 0.08194 0.08225 0.079725 0.082755
-3.78 0.082225 0.083075 0.08328 0.081035 0.08258 0.0808 0.080965 0.083125
-3.77 0.08299 0.080035 0.08302 0.081175 0.082455 0.082315 0.08197 0.08175
-3.76 0.08366 0.08202 0.08213 0.082025 0.082515 0.08231 0.0818 0.08392
-3.75 0.082405 0.083655 0.0834 0.080555 0.08412 0.082965 0.08174 0.084895
-3.74 0.0833 0.083985 0.084085 0.08226 0.08339 0.082785 0.08265 0.08327
-3.73 0.08427 0.08309 0.083575 0.08265 0.083305 0.082785 0.082805 0.084585
-3.72 0.083995 0.083275 0.08371 0.08209 0.083845 0.08366 0.08196 0.085325
-3.71 0.08346 0.084055 0.084175 0.08311 0.084865 0.083865 0.08414 0.084135
-3.7 0.084995 0.084785 0.08497 0.08328 0.08342 0.084725 0.083315 0.084035
-3.69 0.084525 0.084105 0.084145 0.08452 0.08537 0.084015 0.083725 0.08473
-3.68 0.085365 0.08532 0.08426 0.08452 0.085165 0.084525 0.085245 0.08591
-3.67 0.085575 0.08418 0.08686 0.083615 0.08514 0.085085 0.084245 0.085595
-3.66 0.085385 0.08452 0.085845 0.08453 0.08575 0.084885 0.08486 0.086325
-3.65 0.085565 0.085565 0.086215 0.08479 0.087065 0.08424 0.08492 0.086785
-3.64 0.087215 0.086195 0.085425 0.08477 0.086035 0.086585 0.085095 0.086575
-3.63 0.087885 0.085795 0.08653 0.084725 0.086055 0.085745 0.086435 0.087375
-3.62 0.086335 0.08594 0.087265 0.08459 0.087145 0.086085 0.085125 0.087135
-3.61 0.08844 0.086705 0.087515 0.085125 0.086405 0.08669 0.085225 0.088165
-3.6 0.087665 0.08687 0.087475 0.08549 0.088315 0.08751 0.086115 0.08699
-3.59 0.08839 0.086685 0.08751 0.08637 0.087665 0.08661 0.086185 0.08785
-3.58 0.086915 0.086855 0.08821 0.085365 0.087145 0.0867 0.087485 0.087615
-3.57 0.087945 0.087695 0.088595 0.087005 0.087505 0.087125 0.08819 0.0876
-3.56 0.087625 0.087165 0.08783 0.086125 0.08765 0.088075 0.0871 0.09056
-3.55 0.08879 0.08785 0.08786 0.087655 0.09003 0.08896 0.08761 0.088515
-3.54 0.088775 0.087915 0.089505 0.086995 0.08851 0.08826 0.08792 0.0899
-3.53 0.08991 0.088825 0.089435 0.087195 0.088635 0.088715 0.087955 0.089525
-3.52 0.09024 0.087935 0.088325 0.087475 0.09003 0.088545 0.087635 0.09022
-3.51 0.09007 0.08862 0.088595 0.08848 0.08835 0.08968 0.088905 0.09002
-3.5 0.09095 0.089935 0.09026 0.08872 0.09061 0.089585 0.08917 0.0894
-3.49 0.09042 0.089155 0.09083 0.088915 0.09059 0.08884 0.08875 0.09103
-3.48 0.091515 0.089885 0.09157 0.08846 0.089965 0.088765 0.087955 0.09062
-3.47 0.090275 0.08973 0.09094 0.08786 0.08949 0.090195 0.089735 0.089715
-3.46 0.090765 0.091635 0.091605 0.08931 0.09057 0.09045 0.090085 0.08988
-3.45 0.09199 0.09066 0.090595 0.09045 0.090235 0.09088 0.09088 0.091175
-3.44 0.090395 0.089595 0.09196 0.089675 0.09071 0.090075 0.089345 0.09189
-3.43 0.09175 0.090785 0.091275 0.09038 0.090985 0.092235 0.09015 0.091555
-3.42 0.09305 0.09044 0.0928 0.09007 0.09279 0.09101 0.09103 0.093115
-3.41 0.091905 0.09143 0.09155 0.090425 0.091825 0.09117 0.090505 0.093025
-3.4 0.09225 0.092035 0.09266 0.090245 0.09209 0.091285 0.09107 0.09181
-3.39 0.092435 0.09249 0.09313 0.090845 0.092665 0.09194 0.09245 0.092685
-3.38 0.09248 0.09211 0.09327 0.09105 0.092915 0.092745 0.092485 0.093625
-3.37 0.092 0.091895 0.093055 0.09111 0.09235 0.092525 0.09302 0.093165
-3.36 0.092725 0.093555 0.09362 0.091805 0.092305 0.092665 0.091205 0.09273
-3.35 0.094745 0.09361 0.093575 0.09188 0.09295 0.09329 0.093135 0.093145
-3.34 0.09334 0.09232 0.093025 0.091845 0.09426 0.092965 0.091685 0.09355
-3.33 0.09261 0.09204 0.09496 0.09138 0.09314 0.094585 0.09238 0.094395
-3.32 0.09438 0.09441 0.09478 0.09302 0.094445 0.092975 0.09303 0.094715
-3.31 0.094345 0.09453 0.094475 0.092825 0.094835 0.09432 0.09273 0.093985
-3.3 0.09502 0.093095 0.095015 0.093865 0.09472 0.09362 0.09409 0.0947
-3.29 0.09541 0.094285 0.095305 0.09298 0.09332 0.09428 0.09516 0.093935
-3.28 0.095195 0.09408 0.095835 0.09237 0.094785 0.09496 0.093425 0.09468
-3.27 0.096275 0.09463 0.095395 0.09424 0.095645 0.095855 0.093665 0.096135
-3.26 0.096105 0.09425 0.09573 0.094265 0.09469 0.094975 0.09592 0.09537
-3.25 0.095515 0.09555 0.09597 0.09658 0.095855 0.095125 0.095935 0.095915
-3.24 0.095525 0.094285 0.096135 0.09509 0.09452 0.09531 0.09569 0.096175
-3.23 0.095675 0.095745 0.095445 0.09428 0.095015 0.09537 0.0953 0.09526
-3.22 0.09689 0.09432 0.096355 0.094925 0.09552 0.095075 0.09602 0.096305
-3.21 0.095255 0.095685 0.095875 0.09572 0.098245 0.096005 0.094725 0.09719
-3.2 0.09799 0.096355 0.097175 0.09298 0.097965 0.094935 0.0965 0.095945
-3.19 0.096625 0.09648 0.097805 0.09488 0.096305 0.09705 0.09693 0.09814
-3.18 0.09731 0.09554 0.0973 0.095975 0.09692 0.096255 0.096835 0.09647
-3.17 0.098535 0.09812 0.09867 0.094855 0.097775 0.09634 0.096585 0.098025
-3.16 0.09718 0.09619 0.098115 0.095595 0.096775 0.09615 0.09686 0.09726
-3.15 0.096645 0.09628 0.09627 0.095455 0.098615 0.09793 0.09678 0.09758
-3.14 0.097685 0.09848 0.09891 0.09585 0.097605 0.098805 0.097365 0.09872
-3.13 0.09851 0.098485 0.09855 0.09749 0.097815 0.098925 0.099775 0.096975
-3.12 0.098955 0.09719 0.097965 0.096945 0.099425 0.099095 0.09728 0.098755
-3.11 0.09873 0.097275 0.097595 0.097775 0.098625 0.097175 0.097805 0.0986
-3.1 0.09864 0.098545 0.098845 0.097525 0.099445 0.098635 0.097695 0.098845
-3.09 0.099785 0.098845 0.098505 0.09796 0.099665 0.098985 0.09926 0.098495
-3.08 0.099735 0.09844 0.099035 0.098385 0.099815 0.09865 0.097985 0.09977
-3.07 0.09918 0.09864 0.09928 0.097135 0.10033 0.100155 0.098405 0.10006
-3.06 0.09925 0.099475 0.10011 0.09802 0.100345 0.0992 0.098955 0.099845
-3.05 0.0996 0.0992 0.10004 0.0985 0.09932 0.099265 0.09886 0.1002
-3.04 0.099085 0.099665 0.10034 0.09925 0.100365 0.09994 0.10084 0.100515
-3.03 0.09976 0.099335 0.10101 0.09926 0.10044 0.100185 0.100075 0.100005
-3.02 0.10134 0.09921 0.09976 0.098925 0.101835 0.100125 0.101345 0.10049
-3.01 0.10112 0.101575 0.101465 0.100335 0.101695 0.09999 0.101065 0.1003
-3 0.10126 0.099575 0.10113 0.098395 0.100965 0.100635 0.10021 0.100825
-2.99 0.100565 0.100075 0.10055 0.101525 0.100535 0.100905 0.100485 0.10064
-2.98 0.102055 0.101255 0.10174 0.10016 0.10093 0.101425 0.10121 0.101865
-2.97 0.10062 0.101385 0.10111 0.099855 0.101015 0.10237 0.10102 0.10102
-2.96 0.1015 0.100195 0.100685 0.101385 0.101865 0.101795 0.100975 0.10066
-2.95 0.101885 0.101355 0.101245 0.10109 0.10136 0.10115 0.10082 0.10219
-2.94 0.102625 0.09986 0.103475 0.100565 0.10159 0.10125 0.10103 0.10044
-2.93 0.10237 0.10142 0.10342 0.10127 0.10165 0.1015 0.10226 0.103035
-2.92 0.101605 0.10142 0.10286 0.1012 0.1022 0.101185 0.102775 0.10252
-2.91 0.10176 0.1024 0.102475 0.100695 0.102655 0.103765 0.103305 0.102485
-2.9 0.103985 0.1023 0.103445 0.100645 0.103615 0.102485 0.102445 0.10169
-2.89 0.10271 0.103025 0.102885 0.102505 0.10313 0.10409 0.101915 0.102
-2.88 0.102565 0.10222 0.103225 0.10193 0.102325 0.102775 0.102235 0.10295
-2.87 0.102815 0.102635 0.103145 0.10205 0.10416 0.103335 0.10357 0.10442
-2.86 0.103015 0.103665 0.102685 0.101215 0.104355 0.102665 0.103515 0.104005
-2.85 0.1037 0.103635 0.10442 0.102615 0.10473 0.102385 0.10269 0.104535
-2.84 0.10404 0.10237 0.103695 0.101835 0.10439 0.104445 0.104385 0.104335
-2.83 0.102685 0.10312 0.105165 0.102275 0.104695 0.104315 0.102785 0.104285
-2.82 0.1053 0.10395 0.10446 0.102515 0.106185 0.103195 0.10302 0.104395
-2.81 0.10419 0.10397 0.104815 0.10224 0.105095 0.10471 0.10284 0.10569
-2.8 0.10438 0.10425 0.10532 0.102935 0.103895 0.10518 0.105195 0.10391
-2.79 0.10552 0.10507 0.10449 0.102 0.105015 0.10442 0.104065 0.105165
-2.78 0.104475 0.104495 0.10497 0.10403 0.10563 0.10445 0.105275 0.10531
-2.77 0.10358 0.10475 0.105535 0.10228 0.10451 0.103665 0.10556 0.10582
-2.76 0.10466 0.10541 0.10456 0.10331 0.10547 0.10642 0.10547 0.104685
-2.75 0.105655 0.105695 0.105015 0.10512 0.10666 0.106645 0.10585 0.104365
-2.74 0.105695 0.105725 0.105365 0.10464 0.10656 0.104865 0.10572 0.106245
-2.73 0.105355 0.10545 0.105065 0.104545 0.10668 0.10619 0.104605 0.10547
-2.72 0.10573 0.10499 0.1061 0.10559 0.107995 0.10536 0.1049 0.105695
-2.71 0.10534 0.105335 0.10628 0.105685 0.10706 0.10552 0.106385 0.106685
-2.7 0.105575 0.105305 0.10553 0.10398 0.107445 0.10646 0.105805 0.10589
-2.69 0.106015 0.10467 0.10635 0.10612 0.10621 0.106305 0.1072 0.10733
-2.68 0.10566 0.107025 0.106635 0.10541 0.107175 0.106145 0.10598 0.106325
-2.67 0.105035 0.10633 0.107695 0.1049 0.10748 0.1059 0.1066 0.107525
-2.66 0.10622 0.106675 0.106955 0.106485 0.107715 0.106345 0.10723 0.107085
-2.65 0.107105 0.10664 0.10756 0.1066 0.10723 0.107225 0.106165 0.107645
-2.64 0.106065 0.107755 0.106215 0.106425 0.107985 0.108975 0.10772 0.107625
-2.63 0.10623 0.107175 0.1077 0.10594 0.10972 0.1072 0.106395 0.10764
-2.62 0.10556 0.10745 0.108195 0.1058 0.107695 0.107295 0.1083 0.108075
-2.61 0.10667 0.107205 0.10683 0.10719 0.108365 0.106525 0.107555 0.107855
-2.6 0.107745 0.108305 0.1089 0.108215 0.10827 0.108845 0.10818 0.10841
-2.59 0.10947 0.108405 0.108285 0.10682 0.108775 0.10793 0.107705 0.10852
-2.58 0.107785 0.10923 0.10851 0.108075 0.10801 0.10854 0.108645 0.10821
-2.57 0.10863 0.10738 0.109155 0.107875 0.110235 0.107655 0.108095 0.10878
-2.56 0.10889 0.10944 0.109175 0.107385 0.10964 0.109215 0.10844 0.10828
-2.55 0.10877 0.108295 0.109035 0.106835 0.10976 0.10872 0.10788 0.10962
-2.54 0.10802 0.109455 0.108985 0.10743 0.10871 0.109285 0.10992 0.108635
-2.53 0.10742 0.11 0.10972 0.107885 0.1106 0.110145 0.1093 0.10902
-2.52 0.1087 0.109765 0.109805 0.108185 0.109465 0.109305 0.10916 0.109395
-2.51 0.107665 0.10978 0.10824 0.109935 0.111055 0.108645 0.10821 0.108405
-2.5 0.108975 0.11062 0.10859 0.10771 0.11069 0.10896 0.10762 0.11036
-2.49 0.110305 0.108395 0.110515 0.10881 0.11118 0.1103 0.108745 0.109755
-2.48 0.11023 0.11105 0.110315 0.11091 0.111985 0.109045 0.110625 0.110165
-2.47 0.110755 0.10957 0.110255 0.108235 0.11161 0.10919 0.109655 0.109405
-2.46 0.11055 0.10994 0.110195 0.1097 0.11138 0.109755 0.1097 0.11048
-2.45 0.1091 0.11122 0.11042 0.110375 0.112205 0.109165 0.110415 0.11031
-2.44 0.110535 0.110975 0.11097 0.11019 0.112045 0.11158 0.110785 0.111105
-2.43 0.11038 0.110865 0.110575 0.10957 0.11227 0.110345 0.10979 0.10976
-2.42 0.110585 0.11117 0.109455 0.110375 0.11285 0.109825 0.10954 0.11273
-2.41 0.10975 0.112295 0.11112 0.10924 0.111275 0.109995 0.110305 0.11104
-2.4 0.110025 0.11149 0.11004 0.110015 0.11092 0.111575 0.111845 0.111195
-2.39 0.11065 0.11014 0.11191 0.11099 0.111565 0.112275 0.11119 0.11257
-2.38 0.11109 0.111065 0.11151 0.109885 0.111395 0.111225 0.112615 0.111295
-2.37 0.111845 0.11221 0.111225 0.111675 0.11198 0.110715 0.110835 0.11139
-2.36 0.110315 0.112165 0.111545 0.110015 0.112795 0.111925 0.110245 0.11252
-2.35 0.11137 0.11156 0.112365 0.11123 0.11235 0.111275 0.112295 0.11284
-2.34 0.111055 0.111165 0.110885 0.11148 0.114015 0.11191 0.11254 0.11216
-2.33 0.11265 0.112185 0.11163 0.112485 0.11506 0.11335 0.11107 0.111555
-2.32 0.110945 0.11418 0.111975 0.111935 0.112985 0.111175 0.111425 0.11371
-2.31 0.112075 0.111915 0.11171 0.11227 0.11209 0.110975 0.111715 0.112195
-2.3 0.112575 0.11125 0.110975 0.111405 0.11271 0.11146 0.1117 0.11217
-2.29 0.11291 0.112365 0.11232 0.111155 0.113705 0.11181 0.112635 0.111755
-2.28 0.111675 0.113145 0.11153 0.113355 0.113025 0.114235 0.11176 0.1148
-2.27 0.113045 0.113505 0.111975 0.1136 0.11402 0.113535 0.111455 0.113145
-2.26 0.113345 0.112605 0.112155 0.1135 0.11293 0.11335 0.113025 0.11243
-2.25 0.114475 0.11405 0.112735 0.11308 0.11523 0.1143 0.11356 0.113245
-2.24 0.112855 0.11415 0.113835 0.11342 0.11421 0.113835 0.11253 0.11447
-2.23 0.112775 0.112755 0.11355 0.11314 0.11364 0.11285 0.112755 0.11406
-2.22 0.113335 0.11333 0.11345 0.111715 0.114395 0.11523 0.11414 0.1136
-2.21 0.112155 0.11478 0.11565 0.113415 0.113045 0.11389 0.11295 0.114175
-2.2 0.11304 0.114075 0.112715 0.11392 0.11622 0.114585 0.112145 0.113755
-2.19 0.11382 0.11317 0.114985 0.114095 0.11475 0.115045 0.113675 0.114015
-2.18 0.113255 0.11354 0.11479 0.114095 0.11508 0.1134 0.114345 0.113995
-2.17 0.115245 0.112935 0.11578 0.11486 0.114295 0.11447 0.11433 0.11639
-2.16 0.114835 0.113185 0.11393 0.11459 0.115435 0.115595 0.113005 0.115935
-2.15 0.114575 0.115175 0.114875 0.11334 0.115255 0.115065 0.11326 0.11471
-2.14 0.11493 0.115125 0.11277 0.116185 0.115165 0.11366 0.11354 0.115235
-2.13 0.1144 0.115 0.114705 0.114275 0.11539 0.11629 0.115525 0.115075
-2.12 0.11448 0.11557 0.114795 0.115755 0.116285 0.115885 0.114325 0.11594
-2.11 0.115135 0.115345 0.11523 0.114605 0.116525 0.11502 0.114555 0.116765
-2.1 0.114695 0.115625 0.11542 0.11523 0.1157 0.11543 0.11619 0.11509
-2.09 0.11504 0.11634 0.113845 0.116215 0.11612 0.11652 0.1166 0.116265
-2.08 0.11446 0.116145 0.11574 0.115905 0.11617 0.117375 0.11527 0.11607
-2.07 0.115665 0.11673 0.11419 0.11592 0.11672 0.115185 0.11447 0.11642
-2.06 0.11729 0.115385 0.11631 0.116495 0.11637 0.11612 0.114635 0.116595
-2.05 0.115495 0.115855 0.11683 0.115895 0.117435 0.11744 0.11515 0.11542
-2.04 0.115045 0.11558 0.115895 0.11621 0.11689 0.11657 0.115545 0.117545
-2.03 0.11571 0.117775 0.1163 0.11718 0.11764 0.115275 0.11655 0.11561
-2.02 0.117325 0.116425 0.116145 0.116435 0.11726 0.115445 0.115695 0.118035
-2.01 0.116825 0.117205 0.115495 0.116635 0.11817 0.116145 0.115405 0.116345
-2 0.11716 0.11575 0.1154 0.11647 0.11855 0.115445 0.11649 0.115695
-1.99 0.115235 0.116735 0.116845 0.11874 0.117365 0.11672 0.117945 0.11775
-1.98 0.116605 0.116795 0.11779 0.11623 0.11713 0.11747 0.117175 0.116995
-1.97 0.11731 0.117885 0.11801 0.116285 0.116575 0.11735 0.1158 0.11737
-1.96 0.1172 0.11774 0.116025 0.117175 0.11623 0.11811 0.117405 0.117445
-1.95 0.11706 0.118215 0.11682 0.11797 0.118135 0.117505 0.116625 0.117475
-1.94 0.118065 0.1173 0.117625 0.117215 0.1177 0.11755 0.115695 0.11758
-1.93 0.117935 0.118195 0.11942 0.118115 0.11933 0.11728 0.11735 0.11719
-1.92 0.11824 0.117205 0.11739 0.116935 0.118985 0.11747 0.117195 0.119075
-1.91 0.118375 0.118805 0.11749 0.117435 0.11816 0.11787 0.117165 0.11851
-1.9 0.11744 0.119865 0.117785 0.117835 0.117765 0.117325 0.11773 0.118365
-1.89 0.11862 0.118025 0.118275 0.11924 0.118595 0.11886 0.118255 0.11911
-1.88 0.11816 0.11776 0.11789 0.11884 0.118785 0.119245 0.117955 0.118415
-1.87 0.11843 0.118615 0.11848 0.11801 0.11902 0.117235 0.11905 0.117555
-1.86 0.11885 0.11787 0.118225 0.11936 0.11949 0.11789 0.117355 0.11676
-1.85 0.11895 0.119705 0.11823 0.11603 0.11882 0.11828 0.117675 0.118125
-1.84 0.117885 0.11952 0.119405 0.11752 0.118635 0.11835 0.119315 0.120205
-1.83 0.11767 0.118645 0.11818 0.119255 0.118575 0.117775 0.118625 0.118025
-1.82 0.119105 0.117925 0.11778 0.11987 0.11942 0.118155 0.11875 0.12038
-1.81 0.11908 0.12003 0.11977 0.120215 0.120085 0.11742 0.120185 0.118165
-1.8 0.118535 0.118135 0.11878 0.119525 0.120645 0.119025 0.120455 0.119595
-1.79 0.119095 0.118995 0.11952 0.119095 0.120005 0.11851 0.11991 0.119365
-1.78 0.11947 0.11993 0.12038 0.120535 0.12052 0.118835 0.11943 0.117495
-1.77 0.118975 0.11993 0.119615 0.120235 0.11904 0.12008 0.11983 0.118965
-1.76 0.120365 0.119205 0.120935 0.119245 0.12 0.117765 0.11945 0.118805
-1.75 0.118155 0.11935 0.11833 0.120895 0.1208 0.12032 0.118545 0.11947
-1.74 0.120705 0.12178 0.12025 0.12012 0.12099 0.119665 0.11914 0.119805
-1.73 0.12042 0.12098 0.121065 0.121785 0.11926 0.12056 0.11939 0.12196
-1.72 0.119225 0.12114 0.120875 0.120345 0.12034 0.119365 0.12067 0.1201
-1.71 0.12032 0.120225 0.121855 0.120995 0.11954 0.119405 0.119415 0.119485
-1.7 0.118225 0.12133 0.121625 0.1218 0.121175 0.121075 0.11901 0.120915
-1.69 0.119875 0.11914 0.120725 0.121745 0.120195 0.120795 0.119215 0.119905
-1.68 0.121335 0.12139 0.118625 0.12088 0.122455 0.11951 0.12038 0.120545
-1.67 0.120095 0.121905 0.12157 0.121485 0.12072 0.1209 0.11959 0.12139
-1.66 0.121515 0.119915 0.120075 0.120465 0.12076 0.120595 0.120905 0.12121
-1.65 0.12112 0.120475 0.1204 0.12131 0.121705 0.12199 0.12071 0.121625
-1.64 0.120145 0.1212 0.121855 0.12094 0.12168 0.12121 0.11963 0.12048
-1.63 0.120195 0.12181 0.120255 0.121045 0.12059 0.120795 0.120345 0.122925
-1.62 0.12151 0.121165 0.1219 0.12173 0.121365 0.122095 0.120445 0.12146
-1.61 0.121935 0.121845 0.11994 0.122045 0.121905 0.121095 0.120585 0.120975
-1.6 0.12111 0.122385 0.121475 0.12095 0.121375 0.120145 0.12189 0.12115
-1.59 0.12026 0.12061 0.122055 0.121555 0.12233 0.12112 0.12077 0.122025
-1.58 0.12258 0.121615 0.12172 0.121735 0.12129 0.12227 0.122055 0.122545
-1.57 0.122155 0.12098 0.12232 0.122 0.1212 0.121195 0.122855 0.1207
-1.56 0.12195 0.120945 0.121995 0.12358 0.12185 0.1207 0.120915 0.12152
-1.55 0.121785 0.12312 0.122275 0.12341 0.12221 0.121125 0.12168 0.122185
-1.54 0.12181 0.123785 0.123795 0.12256 0.12229 0.121265 0.12226 0.121595
-1.53 0.122245 0.123025 0.12115 0.1225 0.122755 0.122795 0.121925 0.121655
-1.52 0.122755 0.122205 0.121785 0.12208 0.12257 0.12217 0.122675 0.123085
-1.51 0.123355 0.12248 0.12188 0.12241 0.12295 0.120525 0.121565 0.12263
-1.5 0.120785 0.122005 0.123435 0.12243 0.123545 0.12265 0.12236 0.122345
-1.49 0.1229 0.122525 0.1248 0.12303 0.122635 0.12233 0.123265 0.12097
-1.48 0.121 0.12214 0.122755 0.12353 0.12237 0.121145 0.123105 0.122
-1.47 0.12276 0.12219 0.121865 0.12315 0.12148 0.12435 0.123375 0.121765
-1.46 0.122925 0.12359 0.12225 0.124435 0.12257 0.123305 0.121755 0.122045
-1.45 0.1218 0.123045 0.12287 0.1244 0.12294 0.12332 0.12192 0.123695
-1.44 0.122225 0.123265 0.122295 0.123295 0.12368 0.12066 0.121815 0.12161
-1.43 0.124 0.123895 0.122735 0.12339 0.12285 0.12394 0.123235 0.123315
-1.42 0.123495 0.12375 0.122565 0.122735 0.1227 0.123945 0.12167 0.122765
-1.41 0.123605 0.123875 0.122505 0.12391 0.122975 0.123675 0.12267 0.124095
-1.4 0.12343 0.124215 0.12356 0.122985 0.12319 0.122875 0.123095 0.122085
-1.39 0.12371 0.125665 0.123365 0.124685 0.122475 0.123025 0.12303 0.124305
-1.38 0.123075 0.12394 0.123915 0.124475 0.12391 0.12388 0.122555 0.122955
-1.37 0.123245 0.12552 0.12358 0.12477 0.124365 0.122245 0.12215 0.12482
-1.36 0.123575 0.1233 0.123395 0.124965 0.124235 0.12131 0.123 0.122275
-1.35 0.12307 0.12431 0.12328 0.12501 0.125465 0.122835 0.12352 0.12412
-1.34 0.123815 0.124865 0.124155 0.12491 0.124935 0.122665 0.12365 0.123225
-1.33 0.123355 0.124625 0.122955 0.12476 0.122915 0.125755 0.123545 0.12412
-1.32 0.12426 0.125395 0.12404 0.124795 0.123265 0.124705 0.124625 0.123975
-1.31 0.1235 0.124555 0.123655 0.12589 0.1235 0.12285 0.12564 0.12373
-1.3 0.123525 0.126265 0.124375 0.12438 0.12418 0.12293 0.123755 0.123505
-1.29 0.12391 0.125485 0.12411 0.12517 0.124755 0.123895 0.124555 0.122245
-1.28 0.12485 0.12691 0.124025 0.12361 0.124735 0.123965 0.125095 0.12573
-1.27 0.125455 0.12484 0.12419 0.124965 0.125115 0.1238 0.12377 0.123345
-1.26 0.124965 0.124995 0.124535 0.124315 0.12498 0.12407 0.12443 0.123055
-1.25 0.12642 0.126365 0.123505 0.12521 0.124305 0.124015 0.124715 0.124315
-1.24 0.123975 0.12607 0.1258 0.12463 0.1247 0.12458 0.12654 0.12596
-1.23 0.124175 0.124535 0.124455 0.125985 0.12545 0.124135 0.124855 0.12466
-1.22 0.12389 0.124485 0.12641 0.125625 0.12435 0.124155 0.125045 0.12372
-1.21 0.124985 0.125385 0.125575 0.12551 0.125585 0.124385 0.12394 0.12454
-1.2 0.125415 0.12531 0.12412 0.12483 0.12515 0.125555 0.12596 0.12459
-1.19 0.12383 0.12666 0.126285 0.125695 0.125415 0.124095 0.124865 0.125035
-1.18 0.12514 0.12653 0.125285 0.12547 0.124365 0.12403 0.12613 0.12508
-1.17 0.12706 0.12459 0.125295 0.12517 0.12556 0.124345 0.12543 0.123975
-1.16 0.12656 0.12574 0.123375 0.124745 0.126305 0.12526 0.125285 0.124
-1.15 0.125245 0.125755 0.124605 0.126905 0.125045 0.12462 0.12446 0.125525
-1.14 0.125285 0.126955 0.126855 0.125965 0.12484 0.12547 0.124565 0.124735
-1.13 0.125965 0.125735 0.12608 0.1258 0.124675 0.125815 0.126265 0.12488
-1.12 0.125475 0.12613 0.126255 0.125035 0.126765 0.125425 0.124225 0.124225
-1.11 0.126355 0.125475 0.125425 0.127085 0.12435 0.124345 0.12436 0.12591
-1.1 0.126385 0.12651 0.125835 0.12678 0.12544 0.126105 0.12633 0.12602
-1.09 0.12538 0.12571 0.12609 0.126165 0.12546 0.125305 0.126375 0.12612
-1.08 0.126025 0.125875 0.12488 0.125705 0.125595 0.12585 0.12568 0.12488
-1.07 0.127135 0.12727 0.12623 0.125435 0.125735 0.12558 0.12698 0.12453
-1.06 0.12553 0.12639 0.125695 0.127445 0.126895 0.125315 0.126355 0.125255
-1.05 0.1269 0.12692 0.1262 0.12691 0.125675 0.125895 0.1278 0.125345
-1.04 0.126505 0.12613 0.12713 0.12728 0.1273 0.12604 0.1264 0.125235
-1.03 0.12592 0.12765 0.12606 0.12646 0.125765 0.12531 0.12604 0.125545
-1.02 0.12722 0.126995 0.12622 0.12792 0.125135 0.126055 0.125475 0.126585
-1.01 0.12477 0.125935 0.12696 0.126945 0.125565 0.127075 0.12585 0.124405
-1 0.125355 0.12732 0.127435 0.126365 0.12445 0.12507 0.1263 0.12698
-0.99 0.126825 0.12575 0.12607 0.12895 0.126635 0.12555 0.12634 0.12466
-0.98 0.126085 0.126235 0.126845 0.126555 0.1263 0.12729 0.126805 0.125565
-0.97 0.12483 0.125985 0.126185 0.127195 0.126655 0.12551 0.126385 0.12605
-0.96 0.125875 0.1273 0.12617 0.126515 0.1255 0.125795 0.127205 0.12571
-0.95 0.126855 0.12811 0.128005 0.12827 0.12598 0.12782 0.127 0.125285
-0.94 0.126645 0.128225 0.126155 0.12731 0.126755 0.125775 0.126365 0.12614
-0.93 0.12782 0.128755 0.12739 0.12813 0.127 0.126885 0.126835 0.1259
-0.92 0.12573 0.126585 0.12779 0.128005 0.125525 0.126675 0.126045 0.125165
-0.91 0.12748 0.126515 0.12723 0.12851 0.126315 0.127525 0.12857 0.12514
-0.9 0.126705 0.127735 0.12718 0.12798 0.126385 0.126945 0.128315 0.126445
-0.89 0.126665 0.12772 0.126625 0.12942 0.126345 0.12736 0.12792 0.12675
-0.88 0.12852 0.128475 0.126035 0.12878 0.126865 0.128155 0.128485 0.127975
-0.87 0.127195 0.127855 0.127435 0.12772 0.127175 0.1275 0.125485 0.12675
-0.86 0.126515 0.12808 0.127125 0.12765 0.12702 0.12603 0.12677 0.126265
-0.85 0.127985 0.128845 0.127265 0.1287 0.126975 0.126315 0.12752 0.12759
-0.84 0.12811 0.127205 0.126425 0.129805 0.12672 0.127565 0.128035 0.12716
-0.83 0.12643 0.12699 0.12813 0.12875 0.12655 0.1278 0.129445 0.12708
-0.82 0.12656 0.12833 0.12726 0.12906 0.127335 0.127385 0.128505 0.12757
-0.81 0.12795 0.128385 0.12886 0.12812 0.1265 0.12689 0.12687 0.12653
-0.8 0.12699 0.1273 0.126545 0.127365 0.126825 0.12776 0.128355 0.125825
-0.79 0.127085 0.1277 0.127335 0.13148 0.125795 0.128745 0.127235 0.12585
-0.78 0.12729 0.12843 0.12833 0.127645 0.12802 0.128265 0.12758 0.12932
-0.77 0.12812 0.127535 0.126635 0.128645 0.12706 0.126465 0.12741 0.12679
-0.76 0.126925 0.125585 0.127985 0.12938 0.126545 0.127 0.128 0.12756
-0.75 0.12788 0.127605 0.12913 0.1289 0.12818 0.12758 0.128765 0.12616
-0.74 0.128875 0.1284 0.12776 0.128315 0.12727 0.1266 0.12769 0.126725
-0.73 0.12681 0.13006 0.128305 0.127525 0.128965 0.126725 0.127805 0.126175
-0.72 0.12727 0.129655 0.127255 0.1292 0.12668 0.12757 0.128625 0.12654
-0.71 0.12874 0.128445 0.127725 0.129205 0.126925 0.12798 0.12887 0.12688
-0.7 0.12833 0.129405 0.12932 0.127935 0.12841 0.12867 0.128545 0.125875
-0.69 0.12757 0.128615 0.12698 0.12937 0.12771 0.12772 0.127755 0.12647
-0.68 0.12638 0.12963 0.12777 0.127645 0.12713 0.12887 0.128475 0.1273
-0.67 0.127795 0.12735 0.12822 0.12895 0.12778 0.12738 0.1305 0.126505
-0.66 0.127745 0.12986 0.127745 0.12921 0.129215 0.127285 0.1277 0.12721
-0.65 0.12701 0.129385 0.129095 0.130435 0.12719 0.12722 0.12878 0.12673
-0.64 0.129335 0.128625 0.128825 0.129055 0.1289 0.12743 0.128415 0.1276
-0.63 0.12743 0.128335 0.12816 0.12881 0.127365 0.12906 0.129 0.126975
-0.62 0.128125 0.127915 0.128625 0.13 0.128365 0.12786 0.12798 0.12771
-0.61 0.128405 0.12992 0.12825 0.12844 0.127825 0.1295 0.1293 0.12846
-0.6 0.128565 0.12905 0.12902 0.130125 0.12747 0.1292 0.12916 0.127415
-0.59 0.129835 0.127395 0.1274 0.13045 0.127945 0.12763 0.12843 0.12706
-0.58 0.130385 0.12849 0.127155 0.1302 0.127705 0.128795 0.1291 0.126515
-0.57 0.128355 0.128875 0.12852 0.129195 0.128105 0.12774 0.129195 0.126755
-0.56 0.128965 0.12688 0.128315 0.128245 0.127665 0.12904 0.12843 0.125795
-0.55 0.128005 0.129015 0.128025 0.12901 0.12684 0.1292 0.12848 0.129275
-0.54 0.128075 0.127895 0.12885 0.12891 0.12773 0.128515 0.12893 0.128655
-0.53 0.12855 0.1291 0.12877 0.12908 0.12766 0.128025 0.12801 0.126895
-0.52 0.12889 0.130315 0.12915 0.13093 0.129235 0.12901 0.128835 0.127365
-0.51 0.129625 0.128005 0.128855 0.12944 0.130645 0.12911 0.130105 0.12683
-0.5 0.12871 0.12966 0.12873 0.129415 0.12863 0.12961 0.12983 0.12833
-0.49 0.128515 0.13137 0.129125 0.130715 0.129505 0.129545 0.13044 0.126695
-0.48 0.127515 0.128255 0.129305 0.128905 0.12799 0.12852 0.12953 0.128185
-0.47 0.128145 0.127995 0.127015 0.129265 0.12877 0.130185 0.128935 0.128565
-0.46 0.129245 0.12963 0.129585 0.13182 0.1289 0.128965 0.129375 0.1276
-0.45 0.127895 0.129345 0.130445 0.12895 0.128645 0.13038 0.12854 0.12644
-0.44 0.129475 0.13065 0.128685 0.128925 0.128295 0.13129 0.12929 0.12742
-0.43 0.12923 0.130435 0.129625 0.13177 0.12799 0.12861 0.129815 0.12725
-0.42 0.12894 0.128415 0.12926 0.13063 0.129205 0.12731 0.12883 0.127855
-0.41 0.13039 0.129455 0.128555 0.130305 0.128615 0.12953 0.12962 0.129725
-0.4 0.128995 0.13014 0.128485 0.129165 0.12889 0.127835 0.12996 0.127675
-0.39 0.128065 0.129025 0.12921 0.131155 0.12785 0.129955 0.130655 0.128585
-0.38 0.12936 0.12887 0.12959 0.129715 0.12779 0.129675 0.13006 0.12858
-0.37 0.12962 0.130025 0.12783 0.13098 0.128225 0.129185 0.130755 0.126775
-0.36 0.128625 0.12998 0.12791 0.131475 0.127975 0.130375 0.129525 0.127695
-0.35 0.12924 0.12946 0.130755 0.12897 0.128885 0.13022 0.13008 0.127995
-0.34 0.12921 0.129175 0.130415 0.130055 0.12769 0.129875 0.1299 0.130085
-0.33 0.13041 0.12905 0.12769 0.13091 0.127625 0.130055 0.12952 0.12934
-0.32 0.12884 0.13059 0.12842 0.130625 0.12817 0.12944 0.129365 0.12931
-0.31 0.129495 0.130645 0.129565 0.12915 0.129455 0.129045 0.13002 0.127705
-0.3 0.129545 0.129385 0.129575 0.129335 0.12894 0.129635 0.129855 0.12832
-0.29 0.130175 0.13055 0.128735 0.130275 0.129135 0.13021 0.12957 0.12789
-0.28 0.12974 0.128825 0.12784 0.130175 0.12875 0.12916 0.12952 0.129315
-0.27 0.129035 0.1292 0.130335 0.13098 0.127895 0.127665 0.12941 0.12811
-0.26 0.128995 0.12857 0.129 0.13049 0.130005 0.13134 0.129975 0.1282
-0.25 0.130465 0.129875 0.129805 0.13245 0.12981 0.129355 0.13247 0.128145
-0.24 0.12968 0.13028 0.12782 0.13035 0.128765 0.12873 0.13032 0.127155
-0.23 0.12973 0.13007 0.13051 0.129045 0.12998 0.128465 0.13024 0.127635
-0.22 0.12902 0.13008 0.129425 0.131055 0.128065 0.1291 0.1312 0.12934
-0.21 0.12979 0.12958 0.128705 0.13055 0.12867 0.129525 0.129765 0.12876
-0.2 0.12989 0.128225 0.12912 0.130205 0.129855 0.12943 0.12906 0.12848
-0.19 0.13003 0.129385 0.129975 0.13069 0.12908 0.130985 0.129675 0.127675
-0.18 0.129775 0.13096 0.129345 0.12993 0.12972 0.128735 0.12915 0.12932
-0.17 0.129065 0.12997 0.1286 0.129525 0.129605 0.1306 0.131105 0.12743
-0.16 0.1282 0.129765 0.129725 0.1305 0.130145 0.130505 0.13026 0.12852
-0.15 0.128655 0.13127 0.130145 0.129925 0.12972 0.13003 0.130745 0.129875
-0.14 0.12872 0.130635 0.127485 0.131 0.129565 0.129335 0.130365 0.12855
-0.13 0.129215 0.12956 0.12827 0.12984 0.12919 0.12894 0.1295 0.127935
-0.12 0.128985 0.129625 0.12868 0.13107 0.130475 0.129095 0.129995 0.127235
-0.11 0.130685 0.13097 0.12852 0.12941 0.130235 0.13093 0.130585 0.128385
-0.1 0.130405 0.13186 0.13143 0.131335 0.12927 0.129775 0.130925 0.127655
-0.09 0.129695 0.129075 0.127825 0.13038 0.128275 0.13021 0.12963 0.12919
-0.08 0.13014 0.1301 0.129605 0.130325 0.130585 0.129555 0.13068 0.127855
-0.07 0.130515 0.130115 0.12897 0.130335 0.129035 0.12953 0.129635 0.129015
-0.06 0.12861 0.13184 0.128025 0.131665 0.12821 0.130305 0.13027 0.128375
-0.05 0.13014 0.128955 0.12977 0.131275 0.129865 0.12906 0.129635 0.128025
-0.04 0.12931 0.130895 0.129815 0.130435 0.129715 0.12827 0.129975 0.127625
-0.03 0.129835 0.128905 0.12958 0.12992 0.13047 0.12965 0.13005 0.127935
-0.02 0.128315 0.13062 0.12995 0.129055 0.129075 0.129765 0.13017 0.127515
-0.01 0.12815 0.13046 0.12973 0.12978 0.131745 0.12787 0.13071 0.12747
0 0.129665 0.12947 0.13034 0.13015 0.12846 0.130145 0.129825 0.126675
0.01 0.129945 0.131985 0.129105 0.12867 0.13027 0.1299 0.130775 0.12703
0.02 0.129235 0.13029 0.128725 0.13047 0.130175 0.12946 0.13037 0.12845
0.03 0.12936 0.131315 0.12903 0.132 0.130175 0.12986 0.131215 0.127845
0.04 0.13024 0.12902 0.12943 0.13113 0.129055 0.12938 0.12953 0.128255
0.05 0.12894 0.131775 0.129515 0.1304 0.13022 0.128905 0.12978 0.12693
0.06 0.13016 0.129885 0.130305 0.13229 0.130585 0.130155 0.1299 0.128
0.07 0.12809 0.130285 0.129155 0.130635 0.12891 0.12991 0.1307 0.12804
0.08 0.12962 0.13046 0.1297 0.13066 0.128565 0.130785 0.13061 0.12678
0.09 0.129075 0.130085 0.128635 0.13045 0.129255 0.12905 0.130105 0.12774
0.1 0.1295 0.12878 0.12893 0.13015 0.130915 0.13104 0.129325 0.128545
0.11 0.12831 0.129965 0.128975 0.130385 0.12946 0.12862 0.13133 0.127895
0.12 0.12827 0.12935 0.129695 0.13081 0.13031 0.128215 0.131065 0.127255
0.13 0.128835 0.129935 0.128975 0.1298 0.130035 0.129645 0.12964 0.126095
0.14 0.12934 0.13152 0.130425 0.131355 0.12904 0.130785 0.12982 0.128255
0.15 0.129775 0.128665 0.129015 0.129295 0.131785 0.130435 0.130695 0.12803
0.16 0.129955 0.13003 0.12945 0.13025 0.13024 0.12941 0.1309 0.12778
0.17 0.129515 0.12872 0.12845 0.12846 0.129755 0.127785 0.12973 0.126925
0.18 0.129855 0.128915 0.129695 0.12969 0.129585 0.128085 0.12988 0.12779
0.19 0.128875 0.130125 0.12863 0.12914 0.129315 0.129795 0.130645 0.127105
0.2 0.128445 0.12959 0.129085 0.12939 0.12876 0.12785 0.130055 0.127305
0.21 0.127655 0.130885 0.129145 0.130345 0.129665 0.12888 0.13036 0.128125
0.22 0.12792 0.12969 0.130305 0.130845 0.12997 0.128455 0.129735 0.128515
0.23 0.128615 0.12957 0.12802 0.13144 0.12942 0.12995 0.128925 0.126285
0.24 0.12919 0.12881 0.127905 0.128635 0.129565 0.12936 0.13033 0.126875
0.25 0.12818 0.129985 0.12909 0.130775 0.13028 0.128675 0.131395 0.12613
0.26 0.12888 0.12859 0.12928 0.129445 0.12903 0.128365 0.12922 0.12839
0.27 0.128485 0.129145 0.12752 0.13008 0.129315 0.129085 0.129805 0.12769
0.28 0.130125 0.130445 0.127325 0.13077 0.12839 0.128335 0.13004 0.12818
0.29 0.12908 0.12952 0.128945 0.129325 0.12882 0.128215 0.129575 0.12819
0.3 0.12867 0.130135 0.127595 0.131105 0.128895 0.128725 0.12997 0.12735
0.31 0.129475 0.13033 0.128515 0.12959 0.13001 0.12854 0.129725 0.126835
0.32 0.128985 0.12793 0.12895 0.12998 0.129445 0.128615 0.12949 0.12758
0.33 0.126805 0.129255 0.12888 0.1307 0.12919 0.12852 0.13032 0.127705
0.34 0.128725 0.12967 0.12848 0.129285 0.1278 0.12891 0.12969 0.12681
0.35 0.12742 0.1292 0.12731 0.13021 0.128625 0.127865 0.13069 0.127805
0.36 0.12734 0.12961 0.12868 0.13019 0.128915 0.12751 0.12951 0.1275
0.37 0.12759 0.129645 0.12933 0.129835 0.127875 0.12876 0.129215 0.12733
0.38 0.127725 0.12756 0.12753 0.12934 0.12894 0.128315 0.127995 0.12688
0.39 0.13018 0.12932 0.127945 0.129455 0.12933 0.129 0.129675 0.126795
0.4 0.12869 0.12872 0.1286 0.12883 0.130045 0.12824 0.12921 0.127525
0.41 0.128405 0.128725 0.127475 0.128635 0.128925 0.127495 0.129865 0.12729
0.42 0.126655 0.130065 0.12758 0.12971 0.12662 0.12836 0.130305 0.125955
0.43 0.128865 0.127275 0.128855 0.129165 0.128575 0.127915 0.1291 0.12631
0.44 0.12797 0.12873 0.127395 0.128685 0.12858 0.128665 0.128465 0.127075
0.45 0.12661 0.12899 0.128045 0.129115 0.12838 0.12855 0.128885 0.12646
0.46 0.128225 0.128625 0.127785 0.130225 0.13122 0.1291 0.129025 0.127005
0.47 0.129305 0.129405 0.12699 0.128775 0.12947 0.127725 0.12892 0.128825
0.48 0.12743 0.129495 0.12791 0.128265 0.12935 0.12766 0.130095 0.126025
0.49 0.127295 0.130865 0.12777 0.129945 0.12863 0.12711 0.128095 0.12745
0.5 0.1285 0.128635 0.12868 0.128525 0.12868 0.12819 0.131005 0.12677
0.51 0.12736 0.12967 0.1274 0.12884 0.128015 0.128205 0.128325 0.127465
0.52 0.12763 0.128435 0.128425 0.12919 0.12835 0.12709 0.1305 0.12636
0.53 0.128145 0.12857 0.127325 0.129 0.12865 0.12817 0.129095 0.127145
0.54 0.12786 0.12906 0.128205 0.129745 0.129355 0.12782 0.129205 0.128245
0.55 0.127285 0.130235 0.127615 0.129725 0.12815 0.12902 0.12948 0.128205
0.56 0.126105 0.129125 0.126995 0.12998 0.129375 0.126725 0.129255 0.12679
0.57 0.12885 0.128075 0.127505 0.12913 0.128745 0.128815 0.12929 0.12719
0.58 0.12671 0.12897 0.127065 0.12853 0.127035 0.12804 0.12979 0.125475
0.59 0.12639 0.1274 0.128005 0.12924 0.128785 0.128175 0.13016 0.127945
0.6 0.12678 0.129265 0.128455 0.128485 0.128745 0.12782 0.128975 0.127605
0.61 0.12729 0.12899 0.12711 0.129635 0.12898 0.129825 0.12811 0.12642
0.62 0.127935 0.12907 0.128195 0.130395 0.12803 0.12747 0.13007 0.12519
0.63 0.12736 0.127985 0.127385 0.129105 0.127975 0.126545 0.128305 0.12695
0.64 0.12698 0.127305 0.128585 0.129135 0.127255 0.12503 0.129005 0.126215
0.65 0.12625 0.12671 0.12817 0.1295 0.12693 0.127275 0.12761 0.126535
0.66 0.127435 0.128945 0.127385 0.12709 0.12775 0.1274 0.12906 0.12601
0.67 0.12735 0.12822 0.12736 0.127825 0.127895 0.125315 0.12964 0.12538
0.68 0.128495 0.127455 0.127425 0.128915 0.128195 0.128355 0.12958 0.12646
0.69 0.128045 0.128145 0.12779 0.12748 0.12806 0.126645 0.12876 0.12694
0.7 0.12573 0.128575 0.12709 0.128885 0.126255 0.12766 0.12842 0.12685
0.71 0.12743 0.129455 0.126325 0.12862 0.1283 0.125675 0.12854 0.125475
0.72 0.127945 0.12864 0.12614 0.129675 0.128695 0.127935 0.12729 0.12764
0.73 0.126525 0.12598 0.126225 0.126705 0.12827 0.12578 0.12799 0.12761
0.74 0.126655 0.128735 0.127015 0.12905 0.12798 0.12694 0.12779 0.125305
0.75 0.12546 0.1269 0.126605 0.128215 0.128635 0.127995 0.12837 0.125315
0.76 0.12683 0.128135 0.12707 0.1283 0.127815 0.127575 0.12756 0.12538
0.77 0.12643 0.12906 0.1263 0.127675 0.127325 0.126415 0.12827 0.126485
0.78 0.12728 0.127355 0.127225 0.12783 0.12731 0.12686 0.128195 0.126745
0.79 0.126765 0.12914 0.1275 0.1284 0.1263 0.125705 0.12853 0.125935
0.8 0.127235 0.12744 0.12794 0.126605 0.127285 0.127295 0.12863 0.12585
0.81 0.126165 0.127725 0.12605 0.127375 0.127225 0.126755 0.128545 0.12497
0.82 0.126505 0.12831 0.127355 0.12825 0.12743 0.12682 0.12789 0.125705
0.83 0.124905 0.12783 0.126735 0.12924 0.127755 0.12627 0.1291 0.127955
0.84 0.12588 0.12718 0.12649 0.12847 0.12707 0.12872 0.128315 0.126775
0.85 0.12608 0.126295 0.125405 0.12761 0.127265 0.12618 0.127885 0.125225
0.86 0.12695 0.12801 0.126125 0.12734 0.125495 0.124695 0.128045 0.1252
0.87 0.12654 0.1275 0.12561 0.12799 0.127 0.125935 0.126995 0.12618
0.88 0.126295 0.126185 0.12669 0.125845 0.127105 0.126665 0.127455 0.126435
0.89 0.12522 0.12815 0.125845 0.12618 0.128 0.12592 0.12702 0.12579
0.9 0.12738 0.12766 0.12713 0.126935 0.128415 0.128275 0.126475 0.125425
0.91 0.125305 0.1262 0.127455 0.12673 0.12681 0.12618 0.126195 0.127085
0.92 0.12729 0.12672 0.125785 0.12649 0.12751 0.12555 0.12726 0.124665
0.93 0.12568 0.127585 0.1257 0.12695 0.126615 0.125315 0.127245 0.12586
0.94 0.125365 0.12751 0.12679 0.12627 0.127895 0.1265 0.126395 0.126875
0.95 0.12487 0.12622 0.125435 0.12721 0.12591 0.12609 0.12875 0.12564
0.96 0.12722 0.12646 0.12547 0.127715 0.126485 0.125715 0.12625 0.12542
0.97 0.12656 0.12633 0.12717 0.12771 0.127105 0.125945 0.12688 0.126135
0.98 0.126795 0.1266 0.125455 0.126725 0.127175 0.12696 0.126525 0.124915
0.99 0.1247 0.12761 0.12604 0.127305 0.127215 0.127195 0.12583 0.12468
1 0.12503 0.126475 0.12565 0.126645 0.127125 0.12608 0.12594 0.12583
1.01 0.12541 0.12654 0.1265 0.12659 0.12656 0.125185 0.126315 0.12469
1.02 0.124235 0.12653 0.127495 0.12615 0.12657 0.12699 0.126885 0.123985
1.03 0.125095 0.125665 0.12581 0.125815 0.126955 0.125795 0.125265 0.124325
1.04 0.12591 0.125875 0.126555 0.126135 0.125145 0.12564 0.126415 0.12447
1.05 0.125585 0.12572 0.128225 0.125705 0.12645 0.126245 0.125665 0.12522
1.06 0.125335 0.125755 0.124435 0.125065 0.126375 0.126 0.125865 0.125545
1.07 0.1252 0.126105 0.126805 0.126785 0.12545 0.126195 0.124735 0.12598
1.08 0.12536 0.12609 0.12627 0.125355 0.126465 0.12454 0.126825 0.12323
1.09 0.12492 0.12609 0.125235 0.127375 0.124905 0.12534 0.125165 0.1245
1.1 0.124225 0.125545 0.126215 0.125585 0.125535 0.12682 0.12508 0.12468
1.11 0.126465 0.125195 0.123635 0.12696 0.12384 0.125135 0.12689 0.124685
1.12 0.124645 0.127475 0.125635 0.12575 0.125375 0.12541 0.12598 0.121935
1.13 0.12464 0.126515 0.12659 0.12588 0.126325 0.12557 0.125 0.12326
1.14 0.124545 0.12559 0.125945 0.124315 0.125775 0.12597 0.125525 0.12318
1.15 0.12387 0.124455 0.12513 0.125815 0.125545 0.124415 0.127045 0.125135
1.16 0.125335 0.12559 0.12507 0.12602 0.125185 0.125845 0.12561 0.12476
1.17 0.124485 0.125945 0.124525 0.125465 0.124265 0.126595 0.125495 0.1244
1.18 0.12317 0.125265 0.1252 0.125735 0.12537 0.12584 0.12624 0.122375
1.19 0.126115 0.12525 0.123255 0.125965 0.125955 0.124615 0.124925 0.12472
1.2 0.12377 0.12471 0.12538 0.124 0.125945 0.124205 0.123115 0.12305
1.21 0.12449 0.12553 0.12509 0.12602 0.12528 0.123735 0.123805 0.12375
1.22 0.124615 0.123865 0.1241 0.12634 0.12468 0.125405 0.1251 0.123395
1.23 0.12437 0.123795 0.125245 0.12582 0.12397 0.12412 0.125385 0.1235
1.24 0.12483 0.124605 0.12529 0.125235 0.12615 0.124835 0.124505 0.123695
1.25 0.12438 0.122965 0.12535 0.124825 0.126555 0.12559 0.125065 0.12328
1.26 0.12377 0.124215 0.126265 0.12479 0.12257 0.124275 0.124455 0.12198
1.27 0.123195 0.12672 0.125005 0.12341 0.1255 0.1239 0.12486 0.123205
1.28 0.12521 0.12468 0.123465 0.12489 0.124455 0.123385 0.12489 0.12325
1.29 0.12356 0.124985 0.124465 0.124255 0.123475 0.124275 0.12445 0.123725
1.3 0.12392 0.125185 0.12501 0.12374 0.123875 0.12392 0.12299 0.12211
1.31 0.123835 0.124285 0.124475 0.124095 0.12484 0.12409 0.125265 0.1218
1.32 0.12343 0.12448 0.12403 0.12413 0.12456 0.123135 0.123895 0.122295
1.33 0.122095 0.12428 0.12337 0.123165 0.123955 0.123665 0.124305 0.123155
1.34 0.12252 0.122735 0.124755 0.123715 0.12184 0.123895 0.12362 0.123605
1.35 0.123065 0.122305 0.12351 0.12447 0.122995 0.12393 0.124465 0.12316
1.36 0.121545 0.123695 0.12156 0.122925 0.12416 0.12251 0.124195 0.12243
1.37 0.12373 0.123945 0.122545 0.123745 0.123705 0.12485 0.124035 0.122765
1.38 0.122955 0.12479 0.122325 0.12418 0.12258 0.121385 0.122405 0.123905
1.39 0.1223 0.12244 0.123185 0.125025 0.12411 0.123065 0.12416 0.121465
1.4 0.123335 0.12189 0.12142 0.12181 0.12169 0.1227 0.123675 0.12259
1.41 0.122965 0.12284 0.123045 0.12349 0.123125 0.123135 0.122825 0.12308
1.42 0.123335 0.12249 0.122515 0.12212 0.12333 0.123105 0.122885 0.12248
1.43 0.122705 0.12221 0.12422 0.123585 0.123215 0.122295 0.122965 0.122695
1.44 0.12201 0.12343 0.12327 0.12316 0.122835 0.12116 0.12258 0.122835
1.45 0.122615 0.122565 0.12261 0.1214 0.12342 0.122775 0.12269 0.12168
1.46 0.121275 0.123005 0.12419 0.122555 0.123095 0.12235 0.1229 0.121235
1.47 0.122135 0.12243 0.12357 0.12283 0.1224 0.12211 0.12269 0.12165
1.48 0.121745 0.12221 0.122295 0.123035 0.122735 0.122395 0.12218 0.121345
1.49 0.120845 0.124105 0.123415 0.122655 0.1216 0.12199 0.12357 0.122235
1.5 0.12038 0.123055 0.12189 0.123285 0.12211 0.122685 0.122965 0.121915
1.51 0.119385 0.121785 0.12264 0.123295 0.12228 0.121845 0.12257 0.12017
1.52 0.12079 0.12174 0.1214 0.122665 0.1215 0.12305 0.120955 0.12098
1.53 0.121835 0.121345 0.120775 0.122715 0.12324 0.120145 0.120665 0.121635
1.54 0.11898 0.122715 0.12193 0.12303 0.12195 0.12271 0.122225 0.12165
1.55 0.12157 0.1217 0.12305 0.12306 0.121575 0.120195 0.12089 0.121785
1.56 0.121125 0.1232 0.121165 0.12221 0.12231 0.121545 0.1222 0.12082
1.57 0.1211 0.12144 0.121525 0.12218 0.121695 0.12208 0.122065 0.12053
1.58 0.1224 0.121945 0.1218 0.12168 0.12135 0.12194 0.12279 0.12063
1.59 0.12123 0.12183 0.120055 0.122235 0.120995 0.12033 0.122445 0.120635
1.6 0.11987 0.121205 0.12081 0.12175 0.11985 0.120275 0.12143 0.11996
1.61 0.121965 0.11994 0.121585 0.121095 0.12025 0.12078 0.121095 0.121365
1.62 0.12009 0.12147 0.12204 0.120645 0.12046 0.121395 0.121435 0.12138
1.63 0.122125 0.1195 0.120335 0.12109 0.121295 0.119735 0.121445 0.12037
1.64 0.11972 0.121195 0.122595 0.120025 0.12096 0.1207 0.121335 0.11959
1.65 0.120965 0.121355 0.12084 0.121155 0.121605 0.1198 0.11935 0.119765
1.66 0.11932 0.120065 0.12163 0.122835 0.12011 0.119515 0.12102 0.12089
1.67 0.121175 0.12146 0.119855 0.119995 0.12028 0.120645 0.121435 0.12134
1.68 0.119015 0.11963 0.119895 0.120315 0.12081 0.119485 0.12019 0.11947
1.69 0.12203 0.12147 0.120625 0.12092 0.118005 0.12077 0.12207 0.118635
1.7 0.119235 0.121335 0.12057 0.11966 0.120165 0.11932 0.119665 0.12077
1.71 0.119305 0.120265 0.12024 0.12097 0.11942 0.119385 0.12033 0.121035
1.72 0.11969 0.11934 0.12042 0.12169 0.119725 0.11986 0.12005 0.1204
1.73 0.119315 0.11988 0.120125 0.121485 0.120835 0.12024 0.120455 0.118465
1.74 0.118415 0.11949 0.118915 0.1203 0.12046 0.119035 0.12043 0.11911
1.75 0.11973 0.120285 0.118705 0.11911 0.118975 0.1192 0.120515 0.117945
1.76 0.119005 0.12052 0.11906 0.12046 0.117525 0.11837 0.12055 0.119925
1.77 0.120445 0.119655 0.12081 0.120125 0.119455 0.119265 0.119995 0.1199
1.78 0.118835 0.120615 0.118505 0.119895 0.11883 0.118465 0.119085 0.119115
1.79 0.11897 0.11925 0.11859 0.12079 0.117625 0.11798 0.119775 0.12004
1.8 0.12008 0.1199 0.118775 0.119345 0.118655 0.118745 0.11896 0.11835
1.81 0.11977 0.119435 0.117695 0.119575 0.118715 0.119425 0.11985 0.1185
1.82 0.11979 0.11988 0.118315 0.11836 0.117805 0.11863 0.119075 0.11968
1.83 0.118255 0.116855 0.11988 0.11923 0.117145 0.119555 0.120185 0.118795
1.84 0.118455 0.11885 0.117075 0.11896 0.119995 0.118235 0.119735 0.11988
1.85 0.11893 0.12004 0.118465 0.11792 0.11794 0.117985 0.117185 0.119535
1.86 0.11749 0.119975 0.1193 0.117545 0.117595 0.119095 0.11772 0.117885
1.87 0.118275 0.118595 0.118425 0.1193 0.117155 0.118465 0.117565 0.11735
1.88 0.118195 0.11914 0.118925 0.118635 0.11735 0.11833 0.11825 0.118705
1.89 0.118715 0.11761 0.11814 0.11767 0.11667 0.11659 0.11804 0.1184
1.9 0.118145 0.11715 0.118175 0.119395 0.11708 0.118455 0.11911 0.118075
1.91 0.11894 0.117965 0.11768 0.117835 0.11742 0.11715 0.119495 0.11877
1.92 0.11737 0.11778 0.11855 0.116975 0.11646 0.117195 0.11915 0.11716
1.93 0.1172 0.118265 0.11749 0.11813 0.11828 0.116585 0.117045 0.117875
1.94 0.117165 0.11851 0.11712 0.1187 0.11797 0.115865 0.119295 0.11782
1.95 0.11625 0.118565 0.116555 0.11704 0.11582 0.11665 0.11613 0.11695
1.96 0.117245 0.116685 0.11727 0.117815 0.116265 0.11636 0.11789 0.117195
1.97 0.117135 0.117245 0.11628 0.116945 0.11505 0.11789 0.11694 0.117325
1.98 0.117215 0.118065 0.116415 0.117255 0.116035 0.116295 0.117755 0.117195
1.99 0.116775 0.11632 0.11668 0.117555 0.11515 0.116555 0.11677 0.117445
2 0.117005 0.116675 0.115025 0.116575 0.1168 0.11865 0.11751 0.11619
2.01 0.115785 0.116045 0.116045 0.11603 0.11589 0.11606 0.11739 0.115645
2.02 0.116465 0.116 0.116485 0.116625 0.11574 0.116075 0.11597 0.116215
2.03 0.11664 0.117425 0.117425 0.117265 0.115435 0.11561 0.11558 0.115615
2.04 0.116325 0.117275 0.11461 0.116355 0.11649 0.11751 0.117725 0.116685
2.05 0.11766 0.116205 0.115375 0.116725 0.115835 0.11544 0.117625 0.115835
2.06 0.11497 0.116615 0.11593 0.115695 0.11513 0.11523 0.114755 0.116045
2.07 0.1162 0.11709 0.115825 0.11688 0.11557 0.115205 0.115835 0.115505
2.08 0.117005 0.115815 0.11642 0.115965 0.11516 0.116205 0.115765 0.115175
2.09 0.11591 0.116145 0.115465 0.113855 0.116125 0.11569 0.11577 0.11623
2.1 0.11523 0.116045 0.115445 0.116135 0.114935 0.11503 0.115655 0.114145
2.11 0.11632 0.116145 0.11501 0.115585 0.11466 0.115595 0.114805 0.115585
2.12 0.11551 0.116755 0.11453 0.115365 0.11528 0.114135 0.1158 0.114865
2.13 0.115745 0.11564 0.114935 0.115125 0.11403 0.114345 0.11626 0.115
2.14 0.115855 0.114975 0.115225 0.115065 0.11383 0.114615 0.116095 0.115705
2.15 0.11412 0.11515 0.11529 0.11587 0.114785 0.114335 0.11525 0.113725
2.16 0.114675 0.11479 0.115305 0.11439 0.11457 0.114845 0.113965 0.115265
2.17 0.113345 0.114755 0.1143 0.114555 0.11389 0.113755 0.11441 0.115305
2.18 0.114015 0.115075 0.114025 0.113185 0.114865 0.11575 0.114785 0.11476
2.19 0.115545 0.113475 0.1159 0.113255 0.114805 0.113865 0.114235 0.11504
2.2 0.114615 0.11396 0.11378 0.11412 0.114325 0.113805 0.114165 0.11429
2.21 0.11406 0.11438 0.11332 0.1134 0.113455 0.1131 0.114415 0.11389
2.22 0.114575 0.113215 0.11337 0.11297 0.115005 0.113675 0.115825 0.113615
2.23 0.113765 0.112295 0.11402 0.11276 0.113205 0.11365 0.11399 0.114495
2.24 0.11457 0.11433 0.1127 0.11311 0.113085 0.1139 0.114 0.114185
2.25 0.11387 0.111925 0.113995 0.112415 0.11088 0.11317 0.114175 0.114045
2.26 0.11382 0.11277 0.11361 0.113185 0.114075 0.11314 0.114425 0.11418
2.27 0.113875 0.11336 0.113 0.11201 0.112675 0.11394 0.11245 0.11299
2.28 0.11455 0.1146 0.113 0.11353 0.11306 0.11325 0.1121 0.11136
2.29 0.1132 0.110685 0.112705 0.11384 0.1127 0.11288 0.11335 0.112305
2.3 0.112715 0.11293 0.11085 0.11173 0.113835 0.11381 0.11247 0.11257
2.31 0.112065 0.11131 0.11255 0.11176 0.11227 0.112625 0.112415 0.11401
2.32 0.11219 0.112245 0.112125 0.11115 0.112885 0.112215 0.111605 0.111245
2.33 0.11169 0.1116 0.111785 0.11014 0.110595 0.112415 0.11285 0.11187
2.34 0.11295 0.112605 0.111595 0.11218 0.11178 0.112355 0.11239 0.113055
2.35 0.11345 0.11196 0.112105 0.112375 0.112315 0.111915 0.112135 0.11197
2.36 0.112565 0.110665 0.111595 0.11178 0.111835 0.112265 0.11088 0.11182
2.37 0.11189 0.111 0.11204 0.110745 0.11099 0.11134 0.112125 0.11202
2.38 0.111005 0.111255 0.11177 0.1116 0.11182 0.11084 0.110975 0.11177
2.39 0.112445 0.112105 0.11078 0.111405 0.11034 0.110295 0.111595 0.11132
2.4 0.111725 0.11183 0.110365 0.11194 0.110475 0.11196 0.11119 0.11077
2.41 0.111495 0.111495 0.11127 0.11162 0.110205 0.11166 0.111485 0.11205
2.42 0.11191 0.109765 0.110735 0.110415 0.110355 0.1116 0.11062 0.112065
2.43 0.110255 0.110975 0.109235 0.10966 0.112285 0.110065 0.111605 0.110815
2.44 0.11012 0.11086 0.110875 0.11013 0.109735 0.1116 0.11005 0.111135
2.45 0.11105 0.10954 0.110035 0.111625 0.109395 0.112765 0.11032 0.111625
2.46 0.11103 0.1105 0.109945 0.10993 0.11051 0.110085 0.110835 0.109625
2.47 0.11153 0.10984 0.11053 0.11012 0.11073 0.109765 0.110925 0.109545
2.48 0.10996 0.11074 0.110365 0.109665 0.10827 0.109135 0.109145 0.1096
2.49 0.11057 0.110445 0.109335 0.109765 0.109405 0.110185 0.109575 0.1091
2.5 0.10953 0.109505 0.110115 0.10846 0.108735 0.108865 0.109435 0.110615
2.51 0.111255 0.110065 0.109315 0.10956 0.107825 0.109025 0.10929 0.10973
2.52 0.108805 0.108235 0.108615 0.10895 0.107805 0.10786 0.109065 0.10944
2.53 0.108295 0.11036 0.109045 0.109265 0.110235 0.10902 0.10951 0.109055
2.54 0.108615 0.109 0.109455 0.109105 0.107405 0.109705 0.10996 0.10999
2.55 0.11065 0.10788 0.108285 0.106965 0.108645 0.109705 0.10782 0.109665
2.56 0.11022 0.10872 0.108585 0.10931 0.10756 0.109285 0.10729 0.10923
2.57 0.109755 0.109135 0.108475 0.10705 0.107725 0.10845 0.10836 0.11057
2.58 0.108065 0.10838 0.108045 0.10735 0.10823 0.107975 0.10804 0.11021
2.59 0.110025 0.10896 0.10884 0.10774 0.10855 0.108085 0.108455 0.10971
2.6 0.107595 0.10757 0.108115 0.108485 0.109325 0.10796 0.107215 0.108505
2.61 0.10777 0.10761 0.107725 0.107425 0.10711 0.10722 0.107855 0.106675
2.62 0.109325 0.1084 0.107845 0.107935 0.10782 0.108485 0.107595 0.10777
2.63 0.108355 0.108175 0.107695 0.10659 0.109195 0.108195 0.10672 0.107025
2.64 0.10872 0.106365 0.10774 0.10688 0.1077 0.108205 0.106565 0.10742
2.65 0.110335 0.10757 0.107125 0.108075 0.10538 0.10644 0.107855 0.10705
2.66 0.10848 0.107445 0.107005 0.106905 0.10636 0.106895 0.106365 0.10764
2.67 0.10783 0.10552 0.107015 0.106835 0.10602 0.10674 0.10635 0.107655
2.68 0.108425 0.10648 0.106585 0.106605 0.105335 0.10683 0.106385 0.10645
2.69 0.10727 0.105855 0.105485 0.105325 0.10488 0.106775 0.106 0.10804
2.7 0.10727 0.105685 0.10699 0.106645 0.10598 0.106655 0.10558 0.10644
2.71 0.106665 0.104455 0.104935 0.106215 0.10469 0.10642 0.106 0.107645
2.72 0.10636 0.105035 0.106265 0.10508 0.104865 0.10509 0.10603 0.10834
2.73 0.107245 0.106455 0.105255 0.10576 0.10372 0.105725 0.1072 0.106225
2.74 0.10612 0.10538 0.105205 0.10518 0.106045 0.1058 0.10567 0.10575
2.75 0.10522 0.10526 0.106325 0.1056 0.105645 0.10522 0.105 0.106225
2.76 0.107215 0.10381 0.105965 0.10497 0.106 0.10636 0.105395 0.10498
2.77 0.105495 0.10468 0.10589 0.10625 0.10414 0.10389 0.10533 0.105445
2.78 0.105475 0.103925 0.105295 0.104365 0.104715 0.105955 0.105125 0.10415
2.79 0.10494 0.105495 0.104385 0.105525 0.10332 0.1059 0.10345 0.104565
2.8 0.104805 0.104435 0.10527 0.10469 0.10419 0.104625 0.10482 0.103875
2.81 0.10412 0.10511 0.102975 0.104785 0.103605 0.102875 0.1041 0.104745
2.82 0.105505 0.102935 0.104065 0.103785 0.104605 0.104555 0.104605 0.105965
2.83 0.104975 0.10473 0.1031 0.10372 0.103535 0.103415 0.10419 0.105945
2.84 0.10328 0.103175 0.104005 0.102385 0.10385 0.102775 0.10411 0.10503
2.85 0.10537 0.103775 0.10227 0.10272 0.103915 0.105355 0.10412 0.10321
2.86 0.10379 0.10383 0.10386 0.103885 0.102995 0.1024 0.101455 0.104135
2.87 0.10411 0.102775 0.10372 0.10319 0.10352 0.10253 0.102885 0.103555
2.88 0.104145 0.104335 0.103365 0.10184 0.10313 0.102765 0.102145 0.103095
2.89 0.10333 0.100945 0.10395 0.10362 0.1031 0.10314 0.10263 0.10398
2.9 0.103565 0.102515 0.1032 0.1012 0.101585 0.101615 0.103345 0.10494
2.91 0.10341 0.10183 0.1029 0.10276 0.10225 0.10148 0.102505 0.102815
2.92 0.10278 0.101455 0.10114 0.10285 0.1009 0.10176 0.10242 0.10288
2.93 0.102605 0.102675 0.10137 0.10281 0.102595 0.101485 0.10136 0.102575
2.94 0.102785 0.10297 0.101505 0.099975 0.101275 0.102595 0.101565 0.10103
2.95 0.10349 0.101375 0.10126 0.102005 0.102025 0.10292 0.10095 0.10232
2.96 0.102415 0.10192 0.10172 0.10023 0.101665 0.10203 0.10133 0.10187
2.97 0.1034 0.101035 0.100605 0.10244 0.10145 0.10073 0.101465 0.10066
2.98 0.10259 0.10092 0.100495 0.10042 0.100925 0.100215 0.100485 0.101735
2.99 0.102245 0.0998 0.101185 0.100825 0.101225 0.099435 0.101135 0.101645
3 0.102225 0.101 0.100885 0.09968 0.10081 0.099805 0.10042 0.10303
3.01 0.10154 0.10052 0.101915 0.10019 0.10053 0.09975 0.100895 0.10056
3.02 0.10193 0.099675 0.10067 0.099835 0.099985 0.100635 0.09997 0.10101
3.03 0.10003 0.0996 0.099935 0.099515 0.101275 0.09991 0.09969 0.09976
3.04 0.101395 0.09973 0.09805 0.09913 0.099855 0.100335 0.099445 0.09986
3.05 0.09922 0.098395 0.10108 0.099275 0.09968 0.099775 0.100225 0.10066
3.06 0.09932 0.098105 0.10004 0.099045 0.098885 0.099795 0.098845 0.0998
3.07 0.09964 0.09951 0.09966 0.100035 0.09932 0.09938 0.099655 0.09893
3.08 0.09953 0.0993 0.10063 0.098725 0.099765 0.098455 0.099295 0.1006
3.09 0.098945 0.09881 0.10013 0.098665 0.09896 0.098915 0.097955 0.09845
3.1 0.098925 0.097995 0.098925 0.09727 0.098295 0.099285 0.098625 0.09937
3.11 0.0995 0.09592 0.09805 0.09874 0.099245 0.09748 0.097685 0.099725
3.12 0.098205 0.09716 0.09839 0.09761 0.09797 0.09868 0.097115 0.09914
3.13 0.099145 0.09801 0.09783 0.097765 0.09729 0.09783 0.097055 0.09827
3.14 0.098555 0.097615 0.097505 0.097165 0.09859 0.097765 0.097255 0.09896
3.15 0.09826 0.09649 0.09629 0.09729 0.096155 0.09722 0.09682 0.097085
3.16 0.0969 0.095535 0.09697 0.098075 0.09817 0.097315 0.09711 0.097715
3.17 0.09687 0.09809 0.09728 0.09752 0.097265 0.096195 0.09666 0.09833
3.18 0.097275 0.0959 0.096525 0.098385 0.096555 0.095225 0.09611 0.097455
3.19 0.096315 0.09542 0.097305 0.09687 0.0963 0.0961 0.0958 0.09845
3.2 0.09612 0.09519 0.09744 0.096105 0.09601 0.09722 0.095895 0.0969
3.21 0.096775 0.0961 0.096315 0.09613 0.096605 0.0958 0.09528 0.09644
3.22 0.09765 0.09526 0.097 0.096805 0.0949 0.0959 0.095925 0.096375
3.23 0.09615 0.09589 0.09487 0.0956 0.095335 0.09477 0.09607 0.09669
3.24 0.09541 0.095365 0.0958 0.09585 0.095465 0.096415 0.09538 0.095865
3.25 0.096285 0.095555 0.0935 0.09429 0.09546 0.094795 0.09461 0.09598
3.26 0.095885 0.09507 0.09625 0.09449 0.095715 0.09619 0.094005 0.095545
3.27 0.095185 0.095985 0.09537 0.093925 0.094975 0.09449 0.093565 0.09548
3.28 0.093275 0.09281 0.094735 0.094475 0.095405 0.094985 0.094125 0.09539
3.29 0.094875 0.094395 0.09411 0.094975 0.09529 0.094945 0.0945 0.095625
3.3 0.09358 0.094195 0.094035 0.09465 0.09388 0.09516 0.093635 0.09462
3.31 0.093715 0.093845 0.09359 0.09389 0.09443 0.092875 0.094065 0.094795
3.32 0.09372 0.09398 0.094195 0.095275 0.09376 0.093835 0.092645 0.0938
3.33 0.09431 0.09292 0.09397 0.094215 0.09467 0.093165 0.094495 0.093595
3.34 0.093635 0.09342 0.092785 0.093335 0.0946 0.093375 0.09374 0.09419
3.35 0.09351 0.09217 0.093355 0.09248 0.092845 0.094545 0.09327 0.092495
3.36 0.093755 0.091645 0.092215 0.09178 0.093565 0.09336 0.092215 0.09462
3.37 0.0936 0.09265 0.091775 0.09267 0.093815 0.092795 0.091725 0.09337
3.38 0.091935 0.090825 0.09194 0.092655 0.09357 0.09173 0.09304 0.093095
3.39 0.09295 0.09073 0.09107 0.0927 0.09304 0.09293 0.093215 0.092645
3.4 0.092005 0.093085 0.09136 0.09251 0.092535 0.093915 0.091545 0.091755
3.41 0.09178 0.091015 0.091865 0.090575 0.09175 0.091555 0.091375 0.09223
3.42 0.09274 0.091215 0.09157 0.09221 0.09115 0.09196 0.09076 0.093065
3.43 0.09143 0.09052 0.090555 0.09127 0.09225 0.09075 0.090385 0.092135
3.44 0.09178 0.08986 0.08999 0.091765 0.090335 0.092345 0.091395 0.091195
3.45 0.09054 0.08991 0.090215 0.090075 0.09158 0.091655 0.09044 0.091265
3.46 0.09018 0.089035 0.089475 0.09005 0.09112 0.090185 0.08998 0.090295
3.47 0.089795 0.088855 0.08993 0.08955 0.09037 0.09 0.08843 0.09058
3.48 0.091875 0.08962 0.08949 0.089685 0.089655 0.09003 0.08886 0.088115
3.49 0.0896 0.089875 0.09022 0.0895 0.090485 0.089565 0.08906 0.09069
3.5 0.088765 0.088935 0.08998 0.089265 0.089035 0.088065 0.087805 0.08871
3.51 0.0885 0.089855 0.0896 0.08886 0.08869 0.09179 0.08876 0.089805
3.52 0.08961 0.09059 0.088825 0.089385 0.08973 0.09091 0.08886 0.08996
3.53 0.08757 0.089055 0.08791 0.089265 0.089355 0.08817 0.08792 0.08909
3.54 0.088065 0.086655 0.088325 0.0879 0.08803 0.088945 0.08664 0.089905
3.55 0.08919 0.08727 0.087085 0.087885 0.087895 0.088305 0.087395 0.08927
3.56 0.088305 0.088075 0.088975 0.088085 0.088185 0.08839 0.08754 0.08938
3.57 0.087185 0.0877 0.08698 0.08734 0.08771 0.087765 0.086455 0.088215
3.58 0.08909 0.086775 0.088865 0.08699 0.086825 0.088325 0.087615 0.088545
3.59 0.08669 0.087185 0.08704 0.086985 0.08564 0.086695 0.08764 0.087765
3.6 0.0861 0.086285 0.08502 0.0869 0.088265 0.08712 0.08651 0.087985
3.61 0.08616 0.08665 0.085875 0.085415 0.08597 0.08623 0.08563 0.087645
3.62 0.087085 0.085645 0.08574 0.08557 0.085545 0.08707 0.086035 0.08644
3.63 0.08557 0.087685 0.08545 0.086495 0.0848 0.085935 0.085395 0.087545
3.64 0.086025 0.08568 0.08521 0.08573 0.085705 0.086715 0.086 0.08665
3.65 0.08602 0.08585 0.08639 0.085145 0.08459 0.085495 0.083935 0.08598
3.66 0.08538 0.08527 0.086265 0.08537 0.08512 0.086355 0.084555 0.085935
3.67 0.085935 0.08533 0.08533 0.085265 0.085195 0.08524 0.08487 0.08567
3.68 0.08504 0.08511 0.084085 0.08416 0.08381 0.084075 0.084005 0.084945
3.69 0.08475 0.08361 0.08349 0.085525 0.08354 0.084675 0.084915 0.08624
3.7 0.084565 0.08341 0.083805 0.08433 0.083175 0.085935 0.083365 0.084885
3.71 0.083085 0.08394 0.083575 0.083985 0.083855 0.08309 0.0832 0.08556
3.72 0.083455 0.082875 0.083955 0.08547 0.08426 0.08409 0.08232 0.084505
3.73 0.08365 0.08216 0.083355 0.08393 0.082445 0.08277 0.08183 0.085515
3.74 0.08324 0.082165 0.084035 0.08471 0.08211 0.08489 0.083145 0.084065
3.75 0.081705 0.082125 0.08191 0.082675 0.08338 0.083525 0.082595 0.08278
3.76 0.08242 0.08294 0.08205 0.0825 0.081635 0.083225 0.082735 0.08388
3.77 0.08168 0.082045 0.08251 0.082645 0.081275 0.08156 0.08163 0.084035
3.78 0.082895 0.081975 0.082515 0.082255 0.081965 0.082435 0.082355 0.082885
3.79 0.08314 0.08094 0.081245 0.08231 0.08221 0.083465 0.081255 0.08283
3.8 0.08172 0.080245 0.08161 0.081935 0.08067 0.08226 0.08026 0.082225
3.81 0.08177 0.080515 0.08054 0.081175 0.080795 0.08101 0.080545 0.08222
3.82 0.08032 0.080685 0.080965 0.08049 0.0793 0.08154 0.080295 0.082375
3.83 0.080335 0.0789 0.08048 0.080805 0.078895 0.081155 0.079985 0.081875
3.84 0.081225 0.078965 0.080025 0.080895 0.08077 0.08096 0.07907 0.080525
3.85 0.080395 0.079775 0.07887 0.07912 0.078745 0.080365 0.079065 0.0805
3.86 0.079965 0.07955 0.07888 0.079285 0.079595 0.08064 0.079415 0.080735
3.87 0.07991 0.07886 0.079405 0.079545 0.07817 0.07983 0.079515 0.080175
3.88 0.079315 0.078465 0.079245 0.078965 0.07884 0.079675 0.07857 0.080275
3.89 0.07836 0.07864 0.07794 0.078425 0.07909 0.079555 0.078325 0.080575
3.9 0.078035 0.07642 0.07834 0.0792 0.077385 0.07891 0.076885 0.079365
3.91 0.078475 0.076725 0.077975 0.078415 0.07771 0.078065 0.07722 0.078435
3.92 0.0771 0.07688 0.077705 0.077615 0.078245 0.079165 0.078055 0.078125
3.93 0.07776 0.07639 0.077445 0.07782 0.077665 0.077615 0.076435 0.078565
3.94 0.07655 0.07643 0.076445 0.07786 0.077025 0.078735 0.077765 0.07844
3.95 0.075805 0.07661 0.07611 0.077065 0.075 0.07713 0.076255 0.077915
3.96 0.07688 0.076205 0.076305 0.07659 0.07594 0.07704 0.076305 0.076835
3.97 0.0758 0.0759 0.075425 0.077585 0.074805 0.076685 0.0743 0.07669
3.98 0.076095 0.07511 0.07579 0.076115 0.0751 0.077085 0.07466 0.075845
3.99 0.07513 0.075135 0.074195 0.076285 0.074555 0.07624 0.074745 0.075145
4 0.07548 0.07433 0.07513 0.074835 0.07517 0.07574 0.07477 0.076345
4.01 0.074575 0.074685 0.0767 0.074625 0.07348 0.075445 0.07345 0.07538
4.02 0.07474 0.07426 0.07387 0.07544 0.073625 0.07487 0.074005 0.07687
4.03 0.074095 0.07334 0.07462 0.074005 0.073945 0.0751 0.07481 0.07595
4.04 0.07414 0.07381 0.073455 0.074295 0.07411 0.074145 0.073115 0.074615
4.05 0.073095 0.07313 0.07396 0.074705 0.071745 0.073925 0.073325 0.073885
4.06 0.07283 0.07181 0.074315 0.07404 0.07314 0.073615 0.072505 0.07412
4.07 0.07271 0.071985 0.072355 0.07288 0.07232 0.07282 0.07298 0.07348
4.08 0.072595 0.07264 0.070465 0.07214 0.07123 0.073475 0.07216 0.0731
4.09 0.07187 0.0709 0.07092 0.07317 0.07229 0.072255 0.071695 0.072905
4.1 0.071935 0.071325 0.07037 0.071615 0.071125 0.072205 0.070805 0.073535
4.11 0.069745 0.07127 0.07141 0.07197 0.07068 0.072055 0.071785 0.07232
4.12 0.07133 0.070905 0.069885 0.071835 0.06988 0.07143 0.07057 0.070985
4.13 0.071485 0.06955 0.07063 0.07149 0.069555 0.07168 0.069505 0.071905
4.14 0.07004 0.068995 0.06972 0.070305 0.069705 0.071505 0.07059 0.0707
4.15 0.07054 0.07003 0.06871 0.07054 0.069275 0.07106 0.069555 0.070535
4.16 0.06874 0.068355 0.068665 0.069155 0.06946 0.069785 0.069585 0.07063
4.17 0.06867 0.067885 0.06921 0.0696 0.068805 0.069835 0.069185 0.070235
4.18 0.069375 0.068105 0.06857 0.06864 0.06841 0.070485 0.068905 0.0697
4.19 0.067915 0.06624 0.06836 0.06991 0.067645 0.069365 0.06786 0.069325
4.2 0.06966 0.06772 0.067885 0.06889 0.067545 0.06876 0.06709 0.069345
4.21 0.068215 0.066945 0.06687 0.067255 0.066855 0.068485 0.067895 0.06912
4.22 0.067165 0.06658 0.06632 0.0674 0.066385 0.06792 0.065925 0.067905
4.23 0.06637 0.065955 0.06711 0.06795 0.06588 0.067145 0.065905 0.06675
4.24 0.06648 0.065325 0.06626 0.067025 0.065955 0.067035 0.064965 0.067855
4.25 0.066135 0.06401 0.0657 0.06641 0.06531 0.065505 0.065965 0.06642
4.26 0.066045 0.065515 0.064465 0.067215 0.06425 0.065845 0.064775 0.067135
4.27 0.06611 0.06473 0.06607 0.06541 0.064975 0.06613 0.06417 0.06684
4.28 0.064325 0.06233 0.064395 0.065225 0.06514 0.065635 0.06471 0.065795
4.29 0.06448 0.064165 0.062695 0.06393 0.06425 0.064865 0.0648 0.0651
4.3 0.064415 0.06294 0.06304 0.06234 0.063395 0.06445 0.062565 0.064645
4.31 0.064565 0.063405 0.063405 0.064235 0.063225 0.063615 0.063355 0.06479
4.32 0.06328 0.062255 0.06174 0.062545 0.061485 0.064265 0.063595 0.063585
4.33 0.063045 0.061445 0.061025 0.063085 0.06273 0.063675 0.06227 0.062945
4.34 0.063275 0.06132 0.061835 0.061215 0.062265 0.061785 0.062465 0.06283
4.35 0.062855 0.06019 0.06164 0.061905 0.06129 0.062195 0.061855 0.06313
4.36 0.06227 0.06076 0.061325 0.06163 0.059935 0.061405 0.06058 0.06198
4.37 0.06144 0.059955 0.06097 0.061715 0.06094 0.06205 0.060085 0.06216
4.38 0.06064 0.060425 0.05945 0.06105 0.05989 0.06014 0.060445 0.061405
4.39 0.059945 0.05931 0.060365 0.06025 0.06057 0.060795 0.05965 0.061025
4.4 0.059395 0.058835 0.05913 0.059375 0.058915 0.060175 0.059705 0.060225
4.41 0.059995 0.05747 0.058585 0.05882 0.058 0.05942 0.05721 0.060285
4.42 0.05918 0.0582 0.057985 0.05831 0.05958 0.059235 0.058955 0.05905
4.43 0.05862 0.05734 0.057205 0.058435 0.057565 0.05876 0.057425 0.05993
4.44 0.05892 0.056755 0.057215 0.05809 0.05794 0.05895 0.05694 0.058455
4.45 0.057825 0.055435 0.05703 0.05726 0.057875 0.0582 0.05684 0.058465
4.46 0.0577 0.055495 0.0555 0.056405 0.05611 0.05693 0.057345 0.056655
4.47 0.057145 0.055285 0.056265 0.056025 0.055915 0.056915 0.05571 0.058095
4.48 0.055895 0.05487 0.056455 0.056085 0.056545 0.05659 0.056275 0.057225
4.49 0.055215 0.05441 0.054725 0.056235 0.05584 0.05603 0.055495 0.055985
4.5 0.055185 0.05321 0.054615 0.05459 0.0546 0.055925 0.0546 0.05512
4.51 0.054445 0.053825 0.054385 0.054705 0.05354 0.055195 0.05456 0.05432
4.52 0.05407 0.053115 0.052705 0.05359 0.05277 0.05399 0.05434 0.054285
4.53 0.053745 0.05207 0.05195 0.053215 0.052235 0.05378 0.0534 0.055015
4.54 0.0534 0.05127 0.052955 0.053495 0.05195 0.05425 0.050935 0.05359
4.55 0.052175 0.05048 0.051945 0.051955 0.052325 0.051395 0.0524 0.05278
4.56 0.051525 0.05071 0.051785 0.051855 0.05034 0.051725 0.051825 0.052665
4.57 0.05025 0.05013 0.050835 0.0506 0.050575 0.05252 0.05101 0.051605
4.58 0.049485 0.04839 0.04965 0.049865 0.049325 0.05056 0.05072 0.0513
4.59 0.050285 0.04731 0.04868 0.05018 0.050225 0.049875 0.04947 0.05092
4.6 0.04967 0.046995 0.04877 0.048655 0.04832 0.049275 0.04966 0.049755
4.61 0.048525 0.047785 0.048 0.048535 0.048595 0.048635 0.048695 0.04945
4.62 0.048475 0.046445 0.047425 0.048435 0.04787 0.04885 0.048615 0.049285
4.63 0.04738 0.04665 0.04733 0.04687 0.047205 0.04784 0.047735 0.048765
4.64 0.04795 0.04552 0.04719 0.04634 0.046275 0.047735 0.045945 0.047605
4.65 0.046715 0.044045 0.046475 0.045355 0.044555 0.04647 0.046345 0.046785
4.66 0.04581 0.044355 0.044755 0.045305 0.044755 0.045785 0.046005 0.046875
4.67 0.04474 0.04336 0.043885 0.044445 0.04412 0.04536 0.044735 0.04499
4.68 0.04377 0.043065 0.04307 0.04339 0.0433 0.044255 0.044495 0.04501
4.69 0.044025 0.04229 0.04315 0.04349 0.042615 0.04358 0.043335 0.043335
4.7 0.043545 0.042015 0.04138 0.04199 0.04226 0.04311 0.04165 0.04376
4.71 0.041905 0.04045 0.04146 0.041535 0.041485 0.041895 0.0419 0.0433
4.72 0.041065 0.04053 0.040965 0.04039 0.04031 0.041275 0.041195 0.04138
4.73 0.04046 0.03973 0.040105 0.03922 0.04034 0.04157 0.041065 0.04025
4.74 0.039985 0.039085 0.03875 0.039245 0.03896 0.039865 0.0393 0.04008
4.75 0.037565 0.03751 0.0381 0.037645 0.03847 0.039685 0.038575 0.039895
4.76 0.037915 0.03642 0.0375 0.037725 0.037365 0.038175 0.037845 0.03846
4.77 0.037225 0.03612 0.0366 0.03712 0.03629 0.03761 0.036885 0.03748
4.78 0.035675 0.03552 0.035785 0.03653 0.03541 0.03624 0.03592 0.03715
4.79 0.035275 0.034025 0.03578 0.03469 0.03568 0.03582 0.03596 0.035775
4.8 0.034025 0.033515 0.033815 0.03415 0.034385 0.034795 0.033765 0.03539
4.81 0.033225 0.033065 0.03285 0.033125 0.03323 0.03386 0.032955 0.034795
4.82 0.03201 0.03252 0.032465 0.032545 0.032435 0.03192 0.03317 0.033505
4.83 0.0312 0.03067 0.03145 0.031505 0.03166 0.03245 0.03112 0.032645
4.84 0.03041 0.03064 0.029695 0.030665 0.03016 0.030245 0.03104 0.030535
4.85 0.02937 0.02892 0.02963 0.030135 0.029875 0.030195 0.029415 0.030505
4.86 0.02786 0.02823 0.02861 0.028425 0.02837 0.02871 0.028555 0.029915
4.87 0.027275 0.027275 0.027145 0.027665 0.026365 0.02808 0.02751 0.02789
4.88 0.026255 0.026085 0.02631 0.02586 0.02578 0.02648 0.025635 0.02677
4.89 0.02488 0.024815 0.025155 0.024945 0.02441 0.025915 0.02438 0.025185
4.9 0.02302 0.02389 0.02325 0.023835 0.02349 0.02392 0.02333 0.02425
4.91 0.02254 0.02208 0.0226 0.02191 0.02234 0.022915 0.02181 0.02287
4.92 0.021 0.0215 0.02042 0.02095 0.020515 0.02134 0.02063 0.021295
4.93 0.01923 0.019415 0.01888 0.019325 0.01966 0.019515 0.01948 0.01965
4.94 0.0178 0.01781 0.017435 0.018145 0.017495 0.017955 0.017425 0.017915
4.95 0.016015 0.01542 0.015805 0.01641 0.015655 0.01664 0.01574 0.01673
4.96 0.014135 0.0141 0.013715 0.01422 0.01362 0.01469 0.01424 0.014815
4.97 0.011425 0.011435 0.011385 0.01213 0.011975 0.01229 0.01219 0.012075
4.98 0.008775 0.00948 0.008835 0.009145 0.008915 0.009335 0.008905 0.009175
4.99 0.004735 0.005195 0.004855 0.005155 0.005235 0.00519 0.00472 0.005235
5 0 0 0 0 0 0 0 0
5.01 0 0 0 0 0 0 0 0
5.02 0 0 0 0 0 0 0 0
5.03 0 0 0 0 0 0 0 0
5.04 0 0 0 0 0 0 0 0
5.05 0 0 0 0 0 0 0 0
5.06 0 0 0 0 0 0 0 0
5.07 0 0 0 0 0 0 0 0
5.08 0 0 0 0 0 0 0 0
5.09 0 0 0 0 0 0 0 0
5.1 0 0 0 0 0 0 0 0
5.11 0 0 0 0 0 0 0 0
5.12 0 0 0 0 0 0 0 0
5.13 0 0 0 0 0 0 0 0
5.14 0 0 0 0 0 0 0 0
5.15 0 0 0 0 0 0 0 0
5.16 0 0 0 0 0 0 0 0
5.17 0 0 0 0 0 0 0 0
5.18 0 0 0 0 0 0 0 0
5.19 0 0 0 0 0 0 0 0
5.2 0 0 0 0 0 0 0 0
5.21 0 0 0 0 0 0 0 0
5.22 0 0 0 0 0 0 0 0
5.23 0 0 0 0 0 0 0 0
5.24 0 0 0 0 0 0 0 0
5.25 0 0 0 0 0 0 0 0
5.26 0 0 0 0 0 0 0 0
5.27 0 0 0 0 0 0 0 0
5.28 0 0 0 0 0 0 0 0
5.29 0 0 0 0 0 0 0 0
5.3 0 0 0 0 0 0 0 0
5.31 0 0 0 0 0 0 0 0
5.32 0 0 0 0 0 0 0 0
5.33 0 0 0 0 0 0 0 0
5.34 0 0 0 0 0 0 0 0
5.35 0 0 0 0 0 0 0 0
5.36 0 0 0 0 0 0 0 0
5.37 0 0 0 0 0 0 0 0
5.38 0 0 0 0 0 0 0 0
5.39 0 0 0 0 0 0 0 0
5.4 0 0 0 0 0 0 0 0
5.41 0 0 0 0 0 0 0 0
5.42 0 0 0 0 0 0 0 0
5.43 0 0 0 0 0 0 0 0
5.44 0 0 0 0 0 0 0 0
5.45 0 0 0 0 0 0 0 0
5.46 0 0 0 0 0 0 0 0
5.47 0 0 0 0 0 0 0 0
5.48 0 0 0 0 0 0 0 0
5.49 0 0 0 0 0 0 0 0
5.5 0 0 0 0 0 0 0 0
5.51 0 0 0 0 0 0 0 0
5.52 0 0 0 0 0 0 0 0
5.53 0 0 0 0 0 0 0 0
5.54 0 0 0 0 0 0 0 0
5.55 0 0 0 0 0 0 0 0
5.56 0 0 0 0 0 0 0 0
5.57 0 0 0 0 0 0 0 0
5.58 0 0 0 0 0 0 0 0
5.59 0 0 0 0 0 0 0 0
5.6 0 0 0 0 0 0 0 0
5.61 0 0 0 0 0 0 0 0
5.62 0 0 0 0 0 0 0 0
5.63 0 0 0 0 0 0 0 0
5.64 0 0 0 0 0 0 0 0
5.65 0 0 0 0 0 0 0 0
5.66 0 0 0 0 0 0 0 0
5.67 0 0 0 0 0 0 0 0
5.68 0 0 0 0 0 0 0 0
5.69 0 0 0 0 0 0 0 0
5.7 0 0 0 0 0 0 0 0
5.71 0 0 0 0 0 0 0 0
5.72 0 0 0 0 0 0 0 0
5.73 0 0 0 0 0 0 0 0
5.74 0 0 0 0 0 0 0 0
5.75 0 0 0 0 0 0 0 0
5.76 0 0 0 0 0 0 0 0
5.77 0 0 0 0 0 0 0 0
5.78 0 0 0 0 0 0 0 0
5.79 0 0 0 0 0 0 0 0
5.8 0 0 0 0 0 0 0 0
5.81 0 0 0 0 0 0 0 0
5.82 0 0 0 0 0 0 0 0
5.83 0 0 0 0 0 0 0 0
5.84 0 0 0 0 0 0 0 0
5.85 0 0 0 0 0 0 0 0
5.86 0 0 0 0 0 0 0 0
5.87 0 0 0 0 0 0 0 0
5.88 0 0 0 0 0 0 0 0
5.89 0 0 0 0 0 0 0 0
5.9 0 0 0 0 0 0 0 0
5.91 0 0 0 0 0 0 0 0
5.92 0 0 0 0 0 0 0 0
5.93 0 0 0 0 0 0 0 0
5.94 0 0 0 0 0 0 0 0
5.95 0 0 0 0 0 0 0 0
5.96 0 0 0 0 0 0 0 0
5.97 0 0 0 0 0 0 0 0
5.98 0 0 0 0 0 0 0 0
5.99 0 0 0 0 0 0 0 0
6 0 0 0 0 0 0 0 0
6.01 0 0 0 0 0 0 0 0
6.02 0 0 0 0 0 0 0 0
6.03 0 0 0 0 0 0 0 0
6.04 0 0 0 0 0 0 0 0
6.05 0 0 0 0 0 0 0 0
6.06 0 0 0 0 0 0 0 0
6.07 0 0 0 0 0 0 0 0
6.08 0 0 0 0 0 0 0 0
6.09 0 0 0 0 0 0 0 0
6.1 0 0 0 0 0 0 0 0
6.11 0 0 0 0 0 0 0 0
6.12 0 0 0 0 0 0 0 0
6.13 0 0 0 0 0 0 0 0
6.14 0 0 0 0 0 0 0 0
6.15 0 0 0 0 0 0 0 0
6.16 0 0 0 0 0 0 0 0
6.17 0 0 0 0 0 0 0 0
6.18 0 0 0 0 0 0 0 0
6.19 0 0 0 0 0 0 0 0
6.2 0 0 0 0 0 0 0 0
6.21 0 0 0 0 0 0 0 0
6.22 0 0 0 0 0 0 0 0
6.23 0 0 0 0 0 0 0 0
6.24 0 0 0 0 0 0 0 0
6.25 0 0 0 0 0 0 0 0
6.26 0 0 0 0 0 0 0 0
6.27 0 0 0 0 0 0 0 0
6.28 0 0 0 0 0 0 0 0
6.29 0 0 0 0 0 0 0 0
6.3 0 0 0 0 0 0 0 0
6.31 0 0 0 0 0 0 0 0
6.32 0 0 0 0 0 0 0 0
6.33 0 0 0 0 0 0 0 0
6.34 0 0 0 0 0 0 0 0
6.35 0 0 0 0 0 0 0 0
6.36 0 0 0 0 0 0 0 0
6.37 0 0 0 0 0 0 0 0
6.38 0 0 0 0 0 0 0 0
6.39 0 0 0 0 0 0 0 0
6.4 0 0 0 0 0 0 0 0
6.41 0 0 0 0 0 0 0 0
6.42 0 0 0 0 0 0 0 0
6.43 0 0 0 0 0 0 0 0
6.44 0 0 0 0 0 0 0 0
6.45 0 0 0 0 0 0 0 0
6.46 0 0 0 0 0 0 0 0
6.47 0 0 0 0 0 0 0 0
6.48 0 0 0 0 0 0 0 0
6.49 0 0 0 0 0 0 0 0
6.5 0 0 0 0 0 0 0 0
6.51 0 0 0 0 0 0 0 0
6.52 0 0 0 0 0 0 0 0
6.53 0 0 0 0 0 0 0 0
6.54 0 0 0 0 0 0 0 0
6.55 0 0 0 0 0 0 0 0
6.56 0 0 0 0 0 0 0 0
6.57 0 0 0 0 0 0 0 0
6.58 0 0 0 0 0 0 0 0
6.59 0 0 0 0 0 0 0 0
6.6 0 0 0 0 0 0 0 0
6.61 0 0 0 0 0 0 0 0
6.62 0 0 0 0 0 0 0 0
6.63 0 0 0 0 0 0 0 0
6.64 0 0 0 0 0 0 0 0
6.65 0 0 0 0 0 0 0 0
6.66 0 0 0 0 0 0 0 0
6.67 0 0 0 0 0 0 0 0
6.68 0 0 0 0 0 0 0 0
6.69 0 0 0 0 0 0 0 0
6.7 0 0 0 0 0 0 0 0
6.71 0 0 0 0 0 0 0 0
6.72 0 0 0 0 0 0 0 0
6.73 0 0 0 0 0 0 0 0
6.74 0 0 0 0 0 0 0 0
6.75 0 0 0 0 0 0 0 0
6.76 0 0 0 0 0 0 0 0
6.77 0 0 0 0 0 0 0 0
6.78 0 0 0 0 0 0 0 0
6.79 0 0 0 0 0 0 0 0
6.8 0 0 0 0 0 0 0 0
6.81 0 0 0 0 0 0 0 0
6.82 0 0 0 0 0 0 0 0
6.83 0 0 0 0 0 0 0 0
6.84 0 0 0 0 0 0 0 0
6.85 0 0 0 0 0 0 0 0
6.86 0 0 0 0 0 0 0 0
6.87 0 0 0 0 0 0 0 0
6.88 0 0 0 0 0 0 0 0
6.89 0 0 0 0 0 0 0 0
6.9 0 0 0 0 0 0 0 0
6.91 0 0 0 0 0 0 0 0
6.92 0 0 0 0 0 0 0 0
6.93 0 0 0 0 0 0 0 0
6.94 0 0 0 0 0 0 0 0
6.95 0 0 0 0 0 0 0 0
6.96 0 0 0 0 0 0 0 0
6.97 0 0 0 0 0 0 0 0
6.98 0 0 0 0 0 0 0 0
6.99 0 0 0 0 0 0 0 0
7 0 0 0 0 0 0 0 0
7.01 0 0 0 0 0 0 0 0
7.02 0 0 0 0 0 0 0 0
7.03 0 0 0 0 0 0 0 0
7.04 0 0 0 0 0 0 0 0
7.05 0 0 0 0 0 0 0 0
7.06 0 0 0 0 0 0 0 0
7.07 0 0 0 0 0 0 0 0
7.08 0 0 0 0 0 0 0 0
7.09 0 0 0 0 0 0 0 0
7.1 0 0 0 0 0 0 0 0
7.11 0 0 0 0 0 0 0 0
7.12 0 0 0 0 0 0 0 0
7.13 0 0 0 0 0 0 0 0
7.14 0 0 0 0 0 0 0 0
7.15 0 0 0 0 0 0 0 0
7.16 0 0 0 0 0 0 0 0
7.17 0 0 0 0 0 0 0 0
7.18 0 0 0 0 0 0 0 0
7.19 0 0 0 0 0 0 0 0
7.2 0 0 0 0 0 0 0 0
7.21 0 0 0 0 0 0 0 0
7.22 0 0 0 0 0 0 0 0
7.23 0 0 0 0 0 0 0 0
7.24 0 0 0 0 0 0 0 0
7.25 0 0 0 0 0 0 0 0
7.26 0 0 0 0 0 0 0 0
7.27 0 0 0 0 0 0 0 0
7.28 0 0 0 0 0 0 0 0
7.29 0 0 0 0 0 0 0 0
7.3 0 0 0 0 0 0 0 0
7.31 0 0 0 0 0 0 0 0
7.32 0 0 0 0 0 0 0 0
7.33 0 0 0 0 0 0 0 0
7.34 0 0 0 0 0 0 0 0
7.35 0 0 0 0 0 0 0 0
7.36 0 0 0 0 0 0 0 0
7.37 0 0 0 0 0 0 0 0
7.38 0 0 0 0 0 0 0 0
7.39 0 0 0 0 0 0 0 0
7.4 0 0 0 0 0 0 0 0
7.41 0 0 0 0 0 0 0 0
7.42 0 0 0 0 0 0 0 0
7.43 0 0 0 0 0 0 0 0
7.44 0 0 0 0 0 0 0 0
7.45 0 0 0 0 0 0 0 0
7.46 0 0 0 0 0 0 0 0
7.47 0 0 0 0 0 0 0 0
7.48 0 0 0 0 0 0 0 0
7.49 0 0 0 0 0 0 0 0
7.5 0 0 0 0 0 0 0 0
7.51 0 0 0 0 0 0 0 0
7.52 0 0 0 0 0 0 0 0
7.53 0 0 0 0 0 0 0 0
7.54 0 0 0 0 0 0 0 0
7.55 0 0 0 0 0 0 0 0
7.56 0 0 0 0 0 0 0 0
7.57 0 0 0 0 0 0 0 0
7.58 0 0 0 0 0 0 0 0
7.59 0 0 0 0 0 0 0 0
7.6 0 0 0 0 0 0 0 0
7.61 0 0 0 0 0 0 0 0
7.62 0 0 0 0 0 0 0 0
7.63 0 0 0 0 0 0 0 0
7.64 0 0 0 0 0 0 0 0
7.65 0 0 0 0 0 0 0 0
7.66 0 0 0 0 0 0 0 0
7.67 0 0 0 0 0 0 0 0
7.68 0 0 0 0 0 0 0 0
7.69 0 0 0 0 0 0 0 0
7.7 0 0 0 0 0 0 0 0
7.71 0 0 0 0 0 0 0 0
7.72 0 0 0 0 0 0 0 0
7.73 0 0 0 0 0 0 0 0
7.74 0 0 0 0 0 0 0 0
7.75 0 0 0 0 0 0 0 0
7.76 0 0 0 0 0 0 0 0
7.77 0 0 0 0 0 0 0 0
7.78 0 0 0 0 0 0 0 0
7.79 0 0 0 0 0 0 0 0
7.8 0 0 0 0 0 0 0 0
7.81 0 0 0 0 0 0 0 0
7.82 0 0 0 0 0 0 0 0
7.83 0 0 0 0 0 0 0 0
7.84 0 0 0 0 0 0 0 0
7.85 0 0 0 0 0 0 0 0
7.86 0 0 0 0 0 0 0 0
7.87 0 0 0 0 0 0 0 0
7.88 0 0 0 0 0 0 0 0
7.89 0 0 0 0 0 0 0 0
7.9 0 0 0 0 0 0 0 0
7.91 0 0 0 0 0 0 0 0
7.92 0 0 0 0 0 0 0 0
7.93 0 0 0 0 0 0 0 0
7.94 0 0 0 0 0 0 0 0
7.95 0 0 0 0 0 0 0 0
7.96 0 0 0 0 0 0 0 0
7.97 0 0 0 0 0 0 0 0
7.98 0 0 0 0 0 0 0 0
7.99 0 0 0 0 0 0 0 0
8 0 0 0 0 0 0 0 0
8.01 0 0 0 0 0 0 0 0
8.02 0 0 0 0 0 0 0 0
8.03 0 0 0 0 0 0 0 0
8.04 0 0 0 0 0 0 0 0
8.05 0 0 0 0 0 0 0 0
8.06 0 0 0 0 0 0 0 0
8.07 0 0 0 0 0 0 0 0
8.08 0 0 0 0 0 0 0 0
8.09 0 0 0 0 0 0 0 0
8.1 0 0 0 0 0 0 0 0
8.11 0 0 0 0 0 0 0 0
8.12 0 0 0 0 0 0 0 0
8.13 0 0 0 0 0 0 0 0
8.14 0 0 0 0 0 0 0 0
8.15 0 0 0 0 0 0 0 0
8.16 0 0 0 0 0 0 0 0
8.17 0 0 0 0 0 0 0 0
8.18 0 0 0 0 0 0 0 0
8.19 0 0 0 0 0 0 0 0
8.2 0 0 0 0 0 0 0 0
8.21 0 0 0 0 0 0 0 0
8.22 0 0 0 0 0 0 0 0
8.23 0 0 0 0 0 0 0 0
8.24 0 0 0 0 0 0 0 0
8.25 0 0 0 0 0 0 0 0
8.26 0 0 0 0 0 0 0 0
8.27 0 0 0 0 0 0 0 0
8.28 0 0 0 0 0 0 0 0
8.29 0 0 0 0 0 0 0 0
8.3 0 0 0 0 0 0 0 0
8.31 0 0 0 0 0 0 0 0
8.32 0 0 0 0 0 0 0 0
8.33 0 0 0 0 0 0 0 0
8.34 0 0 0 0 0 0 0 0
8.35 0 0 0 0 0 0 0 0
8.36 0 0 0 0 0 0 0 0
8.37 0 0 0 0 0 0 0 0
8.38 0 0 0 0 0 0 0 0
8.39 0 0 0 0 0 0 0 0
8.4 0 0 0 0 0 0 0 0
8.41 0 0 0 0 0 0 0 0
8.42 0 0 0 0 0 0 0 0
8.43 0 0 0 0 0 0 0 0
8.44 0 0 0 0 0 0 0 0
8.45 0 0 0 0 0 0 0 0
8.46 0 0 0 0 0 0 0 0
8.47 0 0 0 0 0 0 0 0
8.48 0 0 0 0 0 0 0 0
8.49 0 0 0 0 0 0 0 0
8.5 0 0 0 0 0 0 0 0
8.51 0 0 0 0 0 0 0 0
8.52 0 0 0 0 0 0 0 0
8.53 0 0 0 0 0 0 0 0
8.54 0 0 0 0 0 0 0 0
8.55 0 0 0 0 0 0 0 0
8.56 0 0 0 0 0 0 0 0
8.57 0 0 0 0 0 0 0 0
8.58 0 0 0 0 0 0 0 0
8.59 0 0 0 0 0 0 0 0
8.6 0 0 0 0 0 0 0 0
8.61 0 0 0 0 0 0 0 0
8.62 0 0 0 0 0 0 0 0
8.63 0 0 0 0 0 0 0 0
8.64 0 0 0 0 0 0 0 0
8.65 0 0 0 0 0 0 0 0
8.66 0 0 0 0 0 0 0 0
8.67 0 0 0 0 0 0 0 0
8.68 0 0 0 0 0 0 0 0
8.69 0 0 0 0 0 0 0 0
8.7 0 0 0 0 0 0 0 0
8.71 0 0 0 0 0 0 0 0
8.72 0 0 0 0 0 0 0 0
8.73 0 0 0 0 0 0 0 0
8.74 0 0 0 0 0 0 0 0
8.75 0 0 0 0 0 0 0 0
8.76 0 0 0 0 0 0 0 0
8.77 0 0 0 0 0 0 0 0
8.78 0 0 0 0 0 0 0 0
8.79 0 0 0 0 0 0 0 0
8.8 0 0 0 0 0 0 0 0
8.81 0 0 0 0 0 0 0 0
8.82 0 0 0 0 0 0 0 0
8.83 0 0 0 0 0 0 0 0
8.84 0 0 0 0 0 0 0 0
8.85 0 0 0 0 0 0 0 0
8.86 0 0 0 0 0 0 0 0
8.87 0 0 0 0 0 0 0 0
8.88 0 0 0 0 0 0 0 0
8.89 0 0 0 0 0 0 0 0
8.9 0 0 0 0 0 0 0 0
8.91 0 0 0 0 0 0 0 0
8.92 0 0 0 0 0 0 0 0
8.93 0 0 0 0 0 0 0 0
8.94 0 0 0 0 0 0 0 0
8.95 0 0 0 0 0 0 0 0
8.96 0 0 0 0 0 0 0 0
8.97 0 0 0 0 0 0 0 0
8.98 0 0 0 0 0 0 0 0
8.99 0 0 0 0 0 0 0 0
9 0 0 0 0 0 0 0 0
9.01 0 0 0 0 0 0 0 0
9.02 0 0 0 0 0 0 0 0
9.03 0 0 0 0 0 0 0 0
9.04 0 0 0 0 0 0 0 0
9.05 0 0 0 0 0 0 0 0
9.06 0 0 0 0 0 0 0 0
9.07 0 0 0 0 0 0 0 0
9.08 0 0 0 0 0 0 0 0
9.09 0 0 0 0 0 0 0 0
9.1 0 0 0 0 0 0 0 0
9.11 0 0 0 0 0 0 0 0
9.12 0 0 0 0 0 0 0 0
9.13 0 0 0 0 0 0 0 0
9.14 0 0 0 0 0 0 0 0
9.15 0 0 0 0 0 0 0 0
9.16 0 0 0 0 0 0 0 0
9.17 0 0 0 0 0 0 0 0
9.18 0 0 0 0 0 0 0 0
9.19 0 0 0 0 0 0 0 0
9.2 0 0 0 0 0 0 0 0
9.21 0 0 0 0 0 0 0 0
9.22 0 0 0 0 0 0 0 0
9.23 0 0 0 0 0 0 0 0
9.24 0 0 0 0 0 0 0 0
9.25 0 0 0 0 0 0 0 0
9.26 0 0 0 0 0 0 0 0
9.27 0 0 0 0 0 0 0 0
9.28 0 0 0 0 0 0 0 0
9.29 0 0 0 0 0 0 0 0
9.3 0 0 0 0 0 0 0 0
9.31 0 0 0 0 0 0 0 0
9.32 0 0 0 0 0 0 0 0
9.33 0 0 0 0 0 0 0 0
9.34 0 0 0 0 0 0 0 0
9.35 0 0 0 0 0 0 0 0
9.36 0 0 0 0 0 0 0 0
9.37 0 0 0 0 0 0 0 0
9.38 0 0 0 0 0 0 0 0
9.39 0 0 0 0 0 0 0 0
9.4 0 0 0 0 0 0 0 0
9.41 0 0 0 0 0 0 0 0
9.42 0 0 0 0 0 0 0 0
9.43 0 0 0 0 0 0 0 0
9.44 0 0 0 0 0 0 0 0
9.45 0 0 0 0 0 0 0 0
9.46 0 0 0 0 0 0 0 0
9.47 0 0 0 0 0 0 0 0
9.48 0 0 0 0 0 0 0 0
9.49 0 0 0 0 0 0 0 0
9.5 0 0 0 0 0 0 0 0
9.51 0 0 0 0 0 0 0 0
9.52 0 0 0 0 0 0 0 0
9.53 0 0 0 0 0 0 0 0
9.54 0 0 0 0 0 0 0 0
9.55 0 0 0 0 0 0 0 0
9.56 0 0 0 0 0 0 0 0
9.57 0 0 0 0 0 0 0 0
9.58 0 0 0 0 0 0 0 0
9.59 0 0 0 0 0 0 0 0
9.6 0 0 0 0 0 0 0 0
9.61 0 0 0 0 0 0 0 0
9.62 0 0 0 0 0 0 0 0
9.63 0 0 0 0 0 0 0 0
9.64 0 0 0 0 0 0 0 0
9.65 0 0 0 0 0 0 0 0
9.66 0 0 0 0 0 0 0 0
9.67 0 0 0 0 0 0 0 0
9.68 0 0 0 0 0 0 0 0
9.69 0 0 0 0 0 0 0 0
9.7 0 0 0 0 0 0 0 0
9.71 0 0 0 0 0 0 0 0
9.72 0 0 0 0 0 0 0 0
9.73 0 0 0 0 0 0 0 0
9.74 0 0 0 0 0 0 0 0
9.75 0 0 0 0 0 0 0 0
9.76 0 0 0 0 0 0 0 0
9.77 0 0 0 0 0 0 0 0
9.78 0 0 0 0 0 0 0 0
9.79 0 0 0 0 0 0 0 0
9.8 0 0 0 0 0 0 0 0
9.81 0 0 0 0 0 0 0 0
9.82 0 0 0 0 0 0 0 0
9.83 0 0 0 0 0 0 0 0
9.84 0 0 0 0 0 0 0 0
9.85 0 0 0 0 0 0 0 0
9.86 0 0 0 0 0 0 0 0
9.87 0 0 0 0 0 0 0 0
9.88 0 0 0 0 0 0 0 0
9.89 0 0 0 0 0 0 0 0
9.9 0 0 0 0 0 0 0 0
9.91 0 0 0 0 0 0 0 0
9.92 0 0 0 0 0 0 0 0
9.93 0 0 0 0 0 0 0 0
9.94 0 0 0 0 0 0 0 0
9.95 0 0 0 0 0 0 0 0
9.96 0 0 0 0 0 0 0 0
9.97 0 0 0 0 0 0 0 0
9.98 0 0 0 0 0 0 0 0
9.99 0 0 0 0 0 0 0 0
