-10 0 0 0 0 0 0 0 0
-9.99 0 0 0 0 0 0 0 0
-9.98 0 0 0 0 0 0 0 0
-9.97 0 0 0 0 0 0 0 0
-9.96 0 0 0 0 0 0 0 0
-9.95 0 0 0 0 0 0 0 0
-9.94 0 0 0 0 0 0 0 0
-9.93 0 0 0 0 0 0 0 0
-9.92 0 0 0 0 0 0 0 0
-9.91 0 0 0 0 0 0 0 0
-9.9 0 0 0 0 0 0 0 0
-9.89 0 0 0 0 0 0 0 0
-9.88 0 0 0 0 0 0 0 0
-9.87 0 0 0 0 0 0 0 0
-9.86 0 0 0 0 0 0 0 0
-9.85 0 0 0 0 0 0 0 0
-9.84 0 0 0 0 0 0 0 0
-9.83 0 0 0 0 0 0 0 0
-9.82 0 0 0 0 0 0 0 0
-9.81 0 0 0 0 0 0 0 0
-9.8 0 0 0 0 0 0 0 0
-9.79 0 0 0 0 0 0 0 0
-9.78 0 0 0 0 0 0 0 0
-9.77 0 0 0 0 0 0 0 0
-9.76 0 0 0 0 0 0 0 0
-9.75 0 0 0 0 0 0 0 0
-9.74 0 0 0 0 0 0 0 0
-9.73 0 0 0 0 0 0 0 0
-9.72 0 0 0 0 0 0 0 0
-9.71 0 0 0 0 0 0 0 0
-9.7 0 0 0 0 0 0 0 0
-9.69 0 0 0 0 0 0 0 0
-9.68 0 0 0 0 0 0 0 0
-9.67 0 0 0 0 0 0 0 0
-9.66 0 0 0 0 0 0 0 0
-9.65 0 0 0 0 0 0 0 0
-9.64 0 0 0 0 0 0 0 0
-9.63 0 0 0 0 0 0 0 0
-9.62 0 0 0 0 0 0 0 0
-9.61 0 0 0 0 0 0 0 0
-9.6 0 0 0 0 0 0 0 0
-9.59 0 0 0 0 0 0 0 0
-9.58 0 0 0 0 0 0 0 0
-9.57 0 0 0 0 0 0 0 0
-9.56 0 0 0 0 0 0 0 0
-9.55 0 0 0 0 0 0 0 0
-9.54 0 0 0 0 0 0 0 0
-9.53 0 0 0 0 0 0 0 0
-9.52 0 0 0 0 0 0 0 0
-9.51 0 0 0 0 0 0 0 0
-9.5 0 0 0 0 0 0 0 0
-9.49 0 0 0 0 0 0 0 0
-9.48 0 0 0 0 0 0 0 0
-9.47 0 0 0 0 0 0 0 0
-9.46 0 0 0 0 0 0 0 0
-9.45 0 0 0 0 0 0 0 0
-9.44 0 0 0 0 0 0 0 0
-9.43 0 0 0 0 0 0 0 0
-9.42 0 0 0 0 0 0 0 0
-9.41 0 0 0 0 0 0 0 0
-9.4 0 0 0 0 0 0 0 0
-9.39 0 0 0 0 0 0 0 0
-9.38 0 0 0 0 0 0 0 0
-9.37 0 0 0 0 0 0 0 0
-9.36 0 0 0 0 0 0 0 0
-9.35 0 0 0 0 0 0 0 0
-9.34 0 0 0 0 0 0 0 0
-9.33 0 0 0 0 0 0 0 0
-9.32 0 0 0 0 0 0 0 0
-9.31 0 0 0 0 0 0 0 0
-9.3 0 0 0 0 0 0 0 0
-9.29 0 0 0 0 0 0 0 0
-9.28 0 0 0 0 0 0 0 0
-9.27 0 0 0 0 0 0 0 0
-9.26 0 0 0 0 0 0 0 0
-9.25 0 0 0 0 0 0 0 0
-9.24 0 0 0 0 0 0 0 0
-9.23 0 0 0 0 0 0 0 0
-9.22 0 0 0 0 0 0 0 0
-9.21 0 0 0 0 0 0 0 0
-9.2 0 0 0 0 0 0 0 0
-9.19 0 0 0 0 0 0 0 0
-9.18 0 0 0 0 0 0 0 0
-9.17 0 0 0 0 0 0 0 0
-9.16 0 0 0 0 0 0 0 0
-9.15 0 0 0 0 0 0 0 0
-9.14 0 0 0 0 0 0 0 0
-9.13 0 0 0 0 0 0 0 0
-9.12 0 0 0 0 0 0 0 0
-9.11 0 0 0 0 0 0 0 0
-9.1 0 0 0 0 0 0 0 0
-9.09 0 0 0 0 0 0 0 0
-9.08 0 0 0 0 0 0 0 0
-9.07 0 0 0 0 0 0 0 0
-9.06 0 0 0 0 0 0 0 0
-9.05 0 0 0 0 0 0 0 0
-9.04 0 0 0 0 0 0 0 0
-9.03 0 0 0 0 0 0 0 0
-9.02 0 0 0 0 0 0 0 0
-9.01 0 0 0 0 0 0 0 0
-9 0 0 0 0 0 0 0 0
-8.99 0 0 0 0 0 0 0 0
-8.98 0 0 0 0 0 0 0 0
-8.97 0 0 0 0 0 0 0 0
-8.96 0 0 0 0 0 0 0 0
-8.95 0 0 0 0 0 0 0 0
-8.94 0 0 0 0 0 0 0 0
-8.93 0 0 0 0 0 0 0 0
-8.92 0 0 0 0 0 0 0 0
-8.91 0 0 0 0 0 0 0 0
-8.9 0 0 0 0 0 0 0 0
-8.89 0 0 0 0 0 0 0 0
-8.88 0 0 0 0 0 0 0 0
-8.87 0 0 0 0 0 0 0 0
-8.86 0 0 0 0 0 0 0 0
-8.85 0 0 0 0 0 0 0 0
-8.84 0 0 0 0 0 0 0 0
-8.83 0 0 0 0 0 0 0 0
-8.82 0 0 0 0 0 0 0 0
-8.81 0 0 0 0 0 0 0 0
-8.8 0 0 0 0 0 0 0 0
-8.79 0 0 0 0 0 0 0 0
-8.78 0 0 0 0 0 0 0 0
-8.77 0 0 0 0 0 0 0 0
-8.76 0 0 0 0 0 0 0 0
-8.75 0 0 0 0 0 0 0 0
-8.74 0 0 0 0 0 0 0 0
-8.73 0 0 0 0 0 0 0 0
-8.72 0 0 0 0 0 0 0 0
-8.71 0 0 0 0 0 0 0 0
-8.7 0 0 0 0 0 0 0 0
-8.69 0 0 0 0 0 0 0 0
-8.68 0 0 0 0 0 0 0 0
-8.67 0 0 0 0 0 0 0 0
-8.66 0 0 0 0 0 0 0 0
-8.65 0 0 0 0 0 0 0 0
-8.64 0 0 0 0 0 0 0 0
-8.63 0 0 0 0 0 0 0 0
-8.62 0 0 0 0 0 0 0 0
-8.61 0 0 0 0 0 0 0 0
-8.6 0 0 0 0 0 0 0 0
-8.59 0 0 0 0 0 0 0 0
-8.58 0 0 0 0 0 0 0 0
-8.57 0 0 0 0 0 0 0 0
-8.56 0 0 0 0 0 0 0 0
-8.55 0 0 0 0 0 0 0 0
-8.54 0 0 0 0 0 0 0 0
-8.53 0 0 0 0 0 0 0 0
-8.52 0 0 0 0 0 0 0 0
-8.51 0 0 0 0 0 0 0 0
-8.5 0 0 0 0 0 0 0 0
-8.49 0 0 0 0 0 0 0 0
-8.48 0 0 0 0 0 0 0 0
-8.47 0 0 0 0 0 0 0 0
-8.46 0 0 0 0 0 0 0 0
-8.45 0 0 0 0 0 0 0 0
-8.44 0 0 0 0 0 0 0 0
-8.43 0 0 0 0 0 0 0 0
-8.42 0 0 0 0 0 0 0 0
-8.41 0 0 0 0 0 0 0 0
-8.4 0 0 0 0 0 0 0 0
-8.39 0 0 0 0 0 0 0 0
-8.38 0 0 0 0 0 0 0 0
-8.37 0 0 0 0 0 0 0 0
-8.36 0 0 0 0 0 0 0 0
-8.35 0 0 0 0 0 0 0 0
-8.34 0 0 0 0 0 0 0 0
-8.33 0 0 0 0 0 0 0 0
-8.32 0 0 0 0 0 0 0 0
-8.31 0 0 0 0 0 0 0 0
-8.3 0 0 0 0 0 0 0 0
-8.29 0 0 0 0 0 0 0 0
-8.28 0 0 0 0 0 0 0 0
-8.27 0 0 0 0 0 0 0 0
-8.26 0 0 0 0 0 0 0 0
-8.25 0 0 0 0 0 0 0 0
-8.24 0 0 0 0 0 0 0 0
-8.23 0 0 0 0 0 0 0 0
-8.22 0 0 0 0 0 0 0 0
-8.21 0 0 0 0 0 0 0 0
-8.2 0 0 0 0 0 0 0 0
-8.19 0 0 0 0 0 0 0 0
-8.18 0 0 0 0 0 0 0 0
-8.17 0 0 0 0 0 0 0 0
-8.16 0 0 0 0 0 0 0 0
-8.15 0 0 0 0 0 0 0 0
-8.14 0 0 0 0 0 0 0 0
-8.13 0 0 0 0 0 0 0 0
-8.12 0 0 0 0 0 0 0 0
-8.11 0 0 0 0 0 0 0 0
-8.1 0 0 0 0 0 0 0 0
-8.09 0 0 0 0 0 0 0 0
-8.08 0 0 0 0 0 0 0 0
-8.07 0 0 0 0 0 0 0 0
-8.06 0 0 0 0 0 0 0 0
-8.05 0 0 0 0 0 0 0 0
-8.04 0 0 0 0 0 0 0 0
-8.03 0 0 0 0 0 0 0 0
-8.02 0 0 0 0 0 0 0 0
-8.01 0 0 0 0 0 0 0 0
-8 0 0 0 0 0 0 0 0
-7.99 0 0 0 0 0 0 0 0
-7.98 0 0 0 0 0 0 0 0
-7.97 0 0 0 0 0 0 0 0
-7.96 0 0 0 0 0 0 0 0
-7.95 0 0 0 0 0 0 0 0
-7.94 0 0 0 0 0 0 0 0
-7.93 0 0 0 0 0 0 0 0
-7.92 0 0 0 0 0 0 0 0
-7.91 0 0 0 0 0 0 0 0
-7.9 0 0 0 0 0 0 0 0
-7.89 0 0 0 0 0 0 0 0
-7.88 0 0 0 0 0 0 0 0
-7.87 0 0 0 0 0 0 0 0
-7.86 0 0 0 0 0 0 0 0
-7.85 0 0 0 0 0 0 0 0
-7.84 0 0 0 0 0 0 0 0
-7.83 0 0 0 0 0 0 0 0
-7.82 0 0 0 0 0 0 0 0
-7.81 0 0 0 0 0 0 0 0
-7.8 0 0 0 0 0 0 0 0
-7.79 0 0 0 0 0 0 0 0
-7.78 0 0 0 0 0 0 0 0
-7.77 0 0 0 0 0 0 0 0
-7.76 0 0 0 0 0 0 0 0
-7.75 0 0 0 0 0 0 0 0
-7.74 0 0 0 0 0 0 0 0
-7.73 0 0 0 0 0 0 0 0
-7.72 0 0 0 0 0 0 0 0
-7.71 0 0 0 0 0 0 0 0
-7.7 0 0 0 0 0 0 0 0
-7.69 0 0 0 0 0 0 0 0
-7.68 0 0 0 0 0 0 0 0
-7.67 0 0 0 0 0 0 0 0
-7.66 0 0 0 0 0 0 0 0
-7.65 0 0 0 0 0 0 0 0
-7.64 0 0 0 0 0 0 0 0
-7.63 0 0 0 0 0 0 0 0
-7.62 0 0 0 0 0 0 0 0
-7.61 0 0 0 0 0 0 0 0
-7.6 0 0 0 0 0 0 0 0
-7.59 0 0 0 0 0 0 0 0
-7.58 0 0 0 0 0 0 0 0
-7.57 0 0 0 0 0 0 0 0
-7.56 0 0 0 0 0 0 0 0
-7.55 0 0 0 0 0 0 0 0
-7.54 0 0 0 0 0 0 0 0
-7.53 0 0 0 0 0 0 0 0
-7.52 0 0 0 0 0 0 0 0
-7.51 0 0 0 0 0 0 0 0
-7.5 0 0 0 0 0 0 0 0
-7.49 0 0 0 0 0 0 0 0
-7.48 0 0 0 0 0 0 0 0
-7.47 0 0 0 0 0 0 0 0
-7.46 0 0 0 0 0 0 0 0
-7.45 0 0 0 0 0 0 0 0
-7.44 0 0 0 0 0 0 0 0
-7.43 0 0 0 0 0 0 0 0
-7.42 0 0 0 0 0 0 0 0
-7.41 0 0 0 0 0 0 0 0
-7.4 0 0 0 0 0 0 0 0
-7.39 0 0 0 0 0 0 0 0
-7.38 0 0 0 0 0 0 0 0
-7.37 0 0 0 0 0 0 0 0
-7.36 0 0 0 0 0 0 0 0
-7.35 0 0 0 0 0 0 0 0
-7.34 0 0 0 0 0 0 0 0
-7.33 0 0 0 0 0 0 0 0
-7.32 0 0 0 0 0 0 0 0
-7.31 0 0 0 0 0 0 0 0
-7.3 0 0 0 0 0 0 0 0
-7.29 0 0 0 0 0 0 0 0
-7.28 0 0 0 0 0 0 0 0
-7.27 0 0 0 0 0 0 0 0
-7.26 0 0 0 0 0 0 0 0
-7.25 0 0 0 0 0 0 0 0
-7.24 0 0 0 0 0 0 0 0
-7.23 0 0 0 0 0 0 0 0
-7.22 0 0 0 0 0 0 0 0
-7.21 0 0 0 0 0 0 0 0
-7.2 0 0 0 0 0 0 0 0
-7.19 0 0 0 0 0 0 0 0
-7.18 0 0 0 0 0 0 0 0
-7.17 0 0 0 0 0 0 0 0
-7.16 0 0 0 0 0 0 0 0
-7.15 0 0 0 0 0 0 0 0
-7.14 0 0 0 0 0 0 0 0
-7.13 0 0 0 0 0 0 0 0
-7.12 0 0 0 0 0 0 0 0
-7.11 0 0 0 0 0 0 0 0
-7.1 0 0 0 0 0 0 0 0
-7.09 0 0 0 0 0 0 0 0
-7.08 0 0 0 0 0 0 0 0
-7.07 0 0 0 0 0 0 0 0
-7.06 0 0 0 0 0 0 0 0
-7.05 0 0 0 0 0 0 0 0
-7.04 0 0 0 0 0 0 0 0
-7.03 0 0 0 0 0 0 0 0
-7.02 0 0 0 0 0 0 0 0
-7.01 0 0 0 0 0 0 0 0
-7 0 0 0 0 0 0 0 0
-6.99 0 0 0 0 0 0 0 0
-6.98 0 0 0 0 0 0 0 0
-6.97 0 0 0 0 0 0 0 0
-6.96 0 0 0 0 0 0 0 0
-6.95 0 0 0 0 0 0 0 0
-6.94 0 0 0 0 0 0 0 0
-6.93 0 0 0 0 0 0 0 0
-6.92 0 0 0 0 0 0 0 0
-6.91 0 0 0 0 0 0 0 0
-6.9 0 0 0 0 0 0 0 0
-6.89 0 0 0 0 0 0 0 0
-6.88 0 0 0 0 0 0 0 0
-6.87 0 0 0 0 0 0 0 0
-6.86 0 0 0 0 0 0 0 0
-6.85 0 0 0 0 0 0 0 0
-6.84 0 0 0 0 0 0 0 0
-6.83 0 0 0 0 0 0 0 0
-6.82 0 0 0 0 0 0 0 0
-6.81 0 0 0 0 0 0 0 0
-6.8 0 0 0 0 0 0 0 0
-6.79 0 0 0 0 0 0 0 0
-6.78 0 0 0 0 0 0 0 0
-6.77 0 0 0 0 0 0 0 0
-6.76 0 0 0 0 0 0 0 0
-6.75 0 0 0 0 0 0 0 0
-6.74 0 0 0 0 0 0 0 0
-6.73 0 0 0 0 0 0 0 0
-6.72 0 0 0 0 0 0 0 0
-6.71 0 0 0 0 0 0 0 0
-6.7 0 0 0 0 0 0 0 0
-6.69 0 0 0 0 0 0 0 0
-6.68 0 0 0 0 0 0 0 0
-6.67 0 0 0 0 0 0 0 0
-6.66 0 0 0 0 0 0 0 0
-6.65 0 0 0 0 0 0 0 0
-6.64 0 0 0 0 0 0 0 0
-6.63 0 0 0 0 0 0 0 0
-6.62 0 0 0 0 0 0 0 0
-6.61 0 0 0 0 0 0 0 0
-6.6 0 0 0 0 0 0 0 0
-6.59 0 0 0 0 0 0 0 0
-6.58 0 0 0 0 0 0 0 0
-6.57 0 0 0 0 0 0 0 0
-6.56 0 0 0 0 0 0 0 0
-6.55 0 0 0 0 0 0 0 0
-6.54 0 0 0 0 0 0 0 0
-6.53 0 0 0 0 0 0 0 0
-6.52 0 0 0 0 0 0 0 0
-6.51 0 0 0 0 0 0 0 0
-6.5 0 0 0 0 0 0 0 0
-6.49 0 0 0 0 0 0 0 0
-6.48 0 0 0 0 0 0 0 0
-6.47 0 0 0 0 0 0 0 0
-6.46 0 0 0 0 0 0 0 0
-6.45 0 0 0 0 0 0 0 0
-6.44 0 0 0 0 0 0 0 0
-6.43 0 0 0 0 0 0 0 0
-6.42 0 0 0 0 0 0 0 0
-6.41 0 0 0 0 0 0 0 0
-6.4 0 0 0 0 0 0 0 0
-6.39 0 0 0 0 0 0 0 0
-6.38 0 0 0 0 0 0 0 0
-6.37 0 0 0 0 0 0 0 0
-6.36 0 0 0 0 0 0 0 0
-6.35 0 0 0 0 0 0 0 0
-6.34 0 0 0 0 0 0 0 0
-6.33 0 0 0 0 0 0 0 0
-6.32 0 0 0 0 0 0 0 0
-6.31 0 0 0 0 0 0 0 0
-6.3 0 0 0 0 0 0 0 0
-6.29 0 0 0 0 0 0 0 0
-6.28 0 0 0 0 0 0 0 0
-6.27 0 0 0 0 0 0 0 0
-6.26 0 0 0 0 0 0 0 0
-6.25 0 0 0 0 0 0 0 0
-6.24 0 0 0 0 0 0 0 0
-6.23 0 0 0 0 0 0 0 0
-6.22 0 0 0 0 0 0 0 0
-6.21 0 0 0 0 0 0 0 0
-6.2 0 0 0 0 0 0 0 0
-6.19 0 0 0 0 0 0 0 0
-6.18 0 0 0 0 0 0 0 0
-6.17 0 0 0 0 0 0 0 0
-6.16 0 0 0 0 0 0 0 0
-6.15 0 0 0 0 0 0 0 0
-6.14 0 0 0 0 0 0 0 0
-6.13 0 0 0 0 0 0 0 0
-6.12 0 0 0 0 0 0 0 0
-6.11 0 0 0 0 0 0 0 0
-6.1 0 0 0 0 0 0 0 0
-6.09 0 0 0 0 0 0 0 0
-6.08 0 0 0 0 0 0 0 0
-6.07 0 0 0 0 0 0 0 0
-6.06 0 0 0 0 0 0 0 0
-6.05 0 0 0 0 0 0 0 0
-6.04 0 0 0 0 0 0 0 0
-6.03 0 0 0 0 0 0 0 0
-6.02 0 0 0 0 0 0 0 0
-6.01 0 0 0 0 0 0 0 0
-6 0 0 0 0 0 0 0 0
-5.99 0 0 0 0 0 0 0 0
-5.98 0 0 0 0 0 0 0 0
-5.97 0 0 0 0 0 0 0 0
-5.96 0 0 0 0 0 0 0 0
-5.95 0 0 0 0 0 0 0 0
-5.94 0 0 0 0 0 0 0 0
-5.93 0 0 0 0 0 0 0 0
-5.92 0 0 0 0 0 0 0 0
-5.91 0 0 0 0 0 0 0 0
-5.9 0 0 0 0 0 0 0 0
-5.89 0 0 0 0 0 0 0 0
-5.88 0 0 0 0 0 0 0 0
-5.87 0 0 0 0 0 0 0 0
-5.86 0 0 0 0 0 0 0 0
-5.85 0 0 0 0 0 0 0 0
-5.84 0 0 0 0 0 0 0 0
-5.83 0 0 0 0 0 0 0 0
-5.82 0 0 0 0 0 0 0 0
-5.81 0 0 0 0 0 0 0 0
-5.8 0 0 0 0 0 0 0 0
-5.79 0 0 0 0 0 0 0 0
-5.78 0 0 0 0 0 0 0 0
-5.77 0 0 0 0 0 0 0 0
-5.76 0 0 0 0 0 0 0 0
-5.75 0 0 0 0 0 0 0 0
-5.74 0 0 0 0 0 0 0 0
-5.73 0 0 0 0 0 0 0 0
-5.72 0 0 0 0 0 0 0 0
-5.71 0 0 0 0 0 0 0 0
-5.7 0 0 0 0 0 0 0 0
-5.69 0 0 0 0 0 0 0 0
-5.68 0 0 0 0 0 0 0 0
-5.67 0 0 0 0 0 0 0 0
-5.66 0 0 0 0 0 0 0 0
-5.65 0 0 0 0 0 0 0 0
-5.64 0 0 0 0 0 0 0 0
-5.63 0 0 0 0 0 0 0 0
-5.62 0 0 0 0 0 0 0 0
-5.61 0 0 0 0 0 0 0 0
-5.6 0 0 0 0 0 0 0 0
-5.59 0 0 0 0 0 0 0 0
-5.58 0 0 0 0 0 0 0 0
-5.57 0 0 0 0 0 0 0 0
-5.56 0 0 0 0 0 0 0 0
-5.55 0 0 0 0 0 0 0 0
-5.54 0 0 0 0 0 0 0 0
-5.53 0 0 0 0 0 0 0 0
-5.52 0 0 0 0 0 0 0 0
-5.51 0 0 0 0 0 0 0 0
-5.5 0 0 0 0 0 0 0 0
-5.49 0 0 0 0 0 0 0 0
-5.48 0 0 0 0 0 0 0 0
-5.47 0 0 0 0 0 0 0 0
-5.46 0 0 0 0 0 0 0 0
-5.45 0 0 0 0 0 0 0 0
-5.44 0 0 0 0 0 0 0 0
-5.43 0 0 0 0 0 0 0 0
-5.42 0 0 0 0 0 0 0 0
-5.41 0 0 0 0 0 0 0 0
-5.4 0 0 0 0 0 0 0 0
-5.39 0 0 0 0 0 0 0 0
-5.38 0 0 0 0 0 0 0 0
-5.37 0 0 0 0 0 0 0 0
-5.36 0 0 0 0 0 0 0 0
-5.35 0 0 0 0 0 0 0 0
-5.34 0 0 0 0 0 0 0 0
-5.33 0 0 0 0 0 0 0 0
-5.32 0 0 0 0 0 0 0 0
-5.31 0 0 0 0 0 0 0 0
-5.3 0 0 0 0 0 0 0 0
-5.29 0 0 0 0 0 0 0 0
-5.28 0 0 0 0 0 0 0 0
-5.27 0 0 0 0 0 0 0 0
-5.26 0 0 0 0 0 0 0 0
-5.25 0 0 0 0 0 0 0 0
-5.24 0 0 0 0 0 0 0 0
-5.23 0 0 0 0 0 0 0 0
-5.22 0 0 0 0 0 0 0 0
-5.21 0 0 0 0 0 0 0 0
-5.2 0 0 0 0 0 0 0 0
-5.19 0 0 0 0 0 0 0 0
-5.18 0 0 0 0 0 0 0 0
-5.17 0 0 0 0 0 0 0 0
-5.16 0 0 0 0 0 0 0 0
-5.15 0 0 0 0 0 0 0 0
-5.14 0 0 0 0 0 0 0 0
-5.13 0 0 0 0 0 0 0 0
-5.12 0 0 0 0 0 0 0 0
-5.11 0 0 0 0 0 0 0 0
-5.1 0 0 0 0 0 0 0 0
-5.09 0 0 0 0 0 0 0 0
-5.08 0 0 0 0 0 0 0 0
-5.07 0 0 0 0 0 0 0 0
-5.06 0 0 0 0 0 0 0 0
-5.05 0 0 0 0 0 0 0 0
-5.04 0 0 0 0 0 0 0 0
-5.03 0 0 0 0 0 0 0 0
-5.02 0 0 0 0 0 0 0 0
-5.01 0 0 0 0 0 0 0 0
-5 0.004505 0.005285 0.00494 0.004975 0.00501 0.00509 0.00523 0.005205
-4.99 0.008625 0.00905 0.00909 0.00848 0.009125 0.008835 0.008865 0.00906
-4.98 0.01112 0.011755 0.01227 0.01202 0.012075 0.012375 0.011905 0.01154
-4.97 0.013535 0.01437 0.014295 0.013545 0.01398 0.01409 0.01411 0.014305
-4.96 0.01526 0.01605 0.01616 0.01574 0.01594 0.01658 0.016315 0.01621
-4.95 0.01714 0.01813 0.01785 0.017465 0.01822 0.018375 0.01795 0.01751
-4.94 0.018735 0.01957 0.018655 0.01955 0.019895 0.01951 0.019585 0.01952
-4.93 0.020215 0.02068 0.02085 0.020835 0.02104 0.02104 0.021415 0.0208
-4.92 0.02179 0.0228 0.022395 0.02205 0.02264 0.023055 0.02275 0.023025
-4.91 0.02273 0.023985 0.023695 0.023875 0.02389 0.02392 0.02414 0.025225
-4.9 0.02458 0.02512 0.024835 0.025115 0.0255 0.0252 0.02555 0.025655
-4.89 0.025165 0.02639 0.025765 0.025765 0.02578 0.02666 0.026965 0.02635
-4.88 0.02627 0.02842 0.02779 0.02682 0.028275 0.02743 0.02749 0.02756
-4.87 0.02766 0.02879 0.027985 0.028015 0.02908 0.02891 0.02925 0.029935
-4.86 0.02928 0.029685 0.029335 0.02909 0.029915 0.03062 0.029705 0.03013
-4.85 0.03169 0.03088 0.031015 0.03116 0.0305 0.031645 0.031275 0.03138
-4.84 0.03107 0.03219 0.03174 0.03144 0.03128 0.03157 0.031315 0.032275
-4.83 0.032125 0.03214 0.032475 0.03209 0.033325 0.033025 0.032885 0.03379
-4.82 0.032345 0.03369 0.034205 0.032805 0.033895 0.033945 0.034055 0.03475
-4.81 0.034285 0.034945 0.034335 0.0343 0.034575 0.034525 0.034645 0.035215
-4.8 0.0349 0.036435 0.035425 0.035585 0.035585 0.035545 0.03589 0.03504
-4.79 0.03589 0.03686 0.035625 0.03613 0.03571 0.035785 0.036435 0.03662
-4.78 0.03625 0.03811 0.036305 0.03657 0.036785 0.037395 0.03782 0.037925
-4.77 0.03759 0.038815 0.03703 0.037535 0.0374 0.038515 0.03772 0.039135
-4.76 0.038235 0.03797 0.03858 0.038375 0.040145 0.039185 0.038675 0.039405
-4.75 0.039535 0.039685 0.038875 0.03893 0.039235 0.03953 0.0406 0.04045
-4.74 0.03991 0.0406 0.039765 0.040825 0.0405 0.04025 0.040915 0.04094
-4.73 0.04042 0.041575 0.03973 0.04018 0.041495 0.041365 0.040755 0.042115
-4.72 0.04184 0.041775 0.04231 0.04148 0.042645 0.041485 0.042195 0.04256
-4.71 0.041845 0.043145 0.041405 0.042065 0.042485 0.043085 0.042935 0.042065
-4.7 0.043665 0.044275 0.04337 0.0425 0.043435 0.042945 0.043705 0.043565
-4.69 0.04375 0.04471 0.04397 0.044235 0.04459 0.04391 0.043715 0.04499
-4.68 0.04362 0.04568 0.04416 0.04434 0.044615 0.044425 0.046025 0.045025
-4.67 0.04415 0.04502 0.04475 0.044845 0.046045 0.045605 0.04569 0.046185
-4.66 0.045555 0.046595 0.045505 0.044495 0.045265 0.04578 0.04656 0.047375
-4.65 0.046085 0.04772 0.04604 0.046005 0.04648 0.046835 0.046615 0.047565
-4.64 0.04685 0.04757 0.046585 0.04619 0.046655 0.048045 0.04774 0.0475
-4.63 0.046585 0.04913 0.04681 0.04667 0.0488 0.04736 0.04812 0.048225
-4.62 0.04704 0.04956 0.047175 0.04744 0.04925 0.04956 0.04876 0.04899
-4.61 0.04787 0.05045 0.048495 0.04843 0.049605 0.050105 0.049875 0.05005
-4.6 0.049655 0.05029 0.048845 0.048635 0.049875 0.049915 0.05005 0.05006
-4.59 0.049435 0.050455 0.05003 0.048805 0.050415 0.05076 0.05019 0.050955
-4.58 0.049815 0.051735 0.05067 0.050005 0.051495 0.050995 0.05164 0.051345
-4.57 0.051275 0.05237 0.05092 0.050705 0.052415 0.050865 0.05201 0.052115
-4.56 0.05044 0.0526 0.05253 0.05128 0.05278 0.052235 0.05233 0.05284
-4.55 0.05123 0.05244 0.05237 0.051205 0.052585 0.053025 0.05246 0.053195
-4.54 0.05257 0.055085 0.051965 0.051995 0.05386 0.0523 0.053915 0.05452
-4.53 0.0526 0.054265 0.05286 0.05321 0.053445 0.05412 0.055305 0.05463
-4.52 0.053255 0.05518 0.053915 0.05333 0.05395 0.05475 0.054075 0.055515
-4.51 0.05395 0.055275 0.054005 0.05363 0.05484 0.05469 0.055985 0.055755
-4.5 0.05352 0.055245 0.055605 0.05453 0.05559 0.055695 0.055315 0.056045
-4.49 0.054125 0.05593 0.055395 0.05452 0.05579 0.05623 0.05619 0.055655
-4.48 0.055845 0.056705 0.0551 0.05465 0.05718 0.05584 0.05564 0.056865
-4.47 0.05633 0.05751 0.05529 0.056315 0.05739 0.05796 0.057735 0.05789
-4.46 0.055775 0.05879 0.056755 0.056175 0.057155 0.056375 0.058035 0.058535
-4.45 0.057355 0.058725 0.057325 0.056715 0.057665 0.058055 0.057965 0.058045
-4.44 0.056465 0.0585 0.05782 0.057165 0.058285 0.05814 0.05861 0.05823
-4.43 0.056675 0.05895 0.05723 0.05751 0.0594 0.05818 0.058995 0.059985
-4.42 0.0579 0.05876 0.058315 0.05832 0.060245 0.058225 0.06001 0.060385
-4.41 0.05949 0.06048 0.05864 0.0585 0.060035 0.059305 0.060595 0.061325
-4.4 0.05909 0.060585 0.05954 0.059215 0.059485 0.060205 0.060575 0.061135
-4.39 0.059685 0.06098 0.06018 0.05972 0.06073 0.060415 0.06119 0.061125
-4.38 0.06016 0.061 0.060745 0.05995 0.060765 0.06103 0.0613 0.06166
-4.37 0.060525 0.061605 0.06144 0.05984 0.06212 0.06127 0.061975 0.062135
-4.36 0.060945 0.062295 0.06076 0.06143 0.06332 0.061635 0.061635 0.063165
-4.35 0.060595 0.063385 0.06149 0.06195 0.06358 0.06232 0.06194 0.06375
-4.34 0.06226 0.06309 0.062455 0.061225 0.062755 0.0625 0.06292 0.063605
-4.33 0.06183 0.064505 0.062 0.063135 0.062675 0.06387 0.06399 0.064455
-4.32 0.06284 0.063225 0.063225 0.06327 0.06448 0.063255 0.063335 0.064505
-4.31 0.063135 0.064215 0.06337 0.06308 0.063225 0.0636 0.06454 0.064985
-4.3 0.063135 0.06549 0.06412 0.063815 0.066335 0.06427 0.065165 0.06624
-4.29 0.06311 0.065255 0.06355 0.063145 0.06535 0.06553 0.06683 0.066155
-4.28 0.06415 0.06611 0.06416 0.063915 0.066255 0.065335 0.06562 0.065145
-4.27 0.06501 0.06618 0.06557 0.06578 0.066215 0.065745 0.06563 0.06739
-4.26 0.064235 0.066855 0.06454 0.06514 0.06715 0.066265 0.066595 0.06735
-4.25 0.06528 0.06639 0.06591 0.067165 0.0674 0.06572 0.06737 0.06789
-4.24 0.06597 0.066905 0.06694 0.065205 0.067855 0.06641 0.0677 0.06894
-4.23 0.06601 0.06873 0.06638 0.065335 0.068385 0.067545 0.06825 0.06753
-4.22 0.066105 0.067515 0.06779 0.066885 0.069095 0.067265 0.068935 0.068225
-4.21 0.06681 0.068485 0.06784 0.06733 0.0694 0.06755 0.06868 0.06933
-4.2 0.06735 0.067975 0.06847 0.068245 0.06913 0.0685 0.06913 0.070315
-4.19 0.067965 0.06918 0.068815 0.06842 0.069975 0.06874 0.069455 0.06882
-4.18 0.06834 0.069965 0.06874 0.0676 0.07139 0.068705 0.07059 0.070485
-4.17 0.067525 0.07108 0.068585 0.0685 0.070585 0.069115 0.07026 0.0706
-4.16 0.06844 0.069855 0.069035 0.068645 0.070045 0.06958 0.06972 0.070745
-4.15 0.06945 0.070965 0.069175 0.06893 0.071735 0.07013 0.070055 0.071325
-4.14 0.068865 0.07013 0.069895 0.069015 0.070675 0.070625 0.070745 0.0715
-4.13 0.069435 0.071155 0.07109 0.0703 0.071885 0.071825 0.071545 0.07316
-4.12 0.07055 0.072415 0.07117 0.07063 0.07268 0.07123 0.07285 0.07283
-4.11 0.07149 0.072945 0.071365 0.070215 0.0725 0.07113 0.072245 0.072665
-4.1 0.070475 0.0733 0.07091 0.07075 0.073095 0.07323 0.07282 0.07272
-4.09 0.071075 0.073215 0.071065 0.071535 0.074095 0.071775 0.07277 0.072925
-4.08 0.071825 0.07483 0.0732 0.07116 0.0738 0.07314 0.07208 0.07393
-4.07 0.072095 0.07505 0.071805 0.071915 0.074855 0.07328 0.073445 0.074265
-4.06 0.07249 0.07617 0.072125 0.07197 0.07427 0.07304 0.072795 0.075095
-4.05 0.07332 0.074275 0.07247 0.073545 0.074645 0.07412 0.07398 0.074815
-4.04 0.072875 0.07435 0.073565 0.07224 0.075575 0.07427 0.075265 0.07639
-4.03 0.072305 0.076145 0.07388 0.073645 0.07492 0.07408 0.074375 0.0759
-4.02 0.073825 0.076175 0.07429 0.074085 0.075605 0.074495 0.07453 0.075625
-4.01 0.07462 0.074795 0.074205 0.074705 0.07706 0.07542 0.075195 0.075235
-4 0.073505 0.075975 0.075635 0.074925 0.07683 0.075615 0.07652 0.0764
-3.99 0.074655 0.075215 0.07516 0.07549 0.076645 0.07604 0.07558 0.075605
-3.98 0.074875 0.07742 0.07628 0.07514 0.078395 0.075275 0.07604 0.07692
-3.97 0.07507 0.07786 0.07509 0.07609 0.07818 0.07627 0.075115 0.07727
-3.96 0.076265 0.077325 0.07526 0.077015 0.077805 0.07584 0.077195 0.078065
-3.95 0.075585 0.07824 0.07693 0.075625 0.079265 0.07768 0.076385 0.0777
-3.94 0.076525 0.077465 0.077905 0.07631 0.078705 0.077215 0.077785 0.07824
-3.93 0.07657 0.077135 0.077475 0.07699 0.079575 0.077565 0.07897 0.078475
-3.92 0.07658 0.077515 0.077055 0.076605 0.0799 0.076945 0.07845 0.078615
-3.91 0.07751 0.078355 0.078215 0.077225 0.0792 0.077465 0.07773 0.079535
-3.9 0.077885 0.079135 0.07761 0.0767 0.079805 0.078795 0.079155 0.078895
-3.89 0.078155 0.078915 0.077755 0.07939 0.0802 0.08 0.079255 0.079815
-3.88 0.078525 0.07969 0.078155 0.07959 0.08004 0.07862 0.08061 0.08023
-3.87 0.07833 0.078865 0.07967 0.077895 0.08038 0.079745 0.07964 0.081875
-3.86 0.078215 0.079585 0.07981 0.079175 0.08138 0.08103 0.08071 0.080605
-3.85 0.07893 0.081335 0.08053 0.07824 0.08138 0.07991 0.081115 0.080675
-3.84 0.079105 0.080485 0.079845 0.078755 0.082525 0.080195 0.08071 0.08105
-3.83 0.08026 0.08102 0.07988 0.079935 0.081745 0.081195 0.08069 0.08006
-3.82 0.08059 0.0817 0.08163 0.079985 0.082115 0.08148 0.081085 0.081455
-3.81 0.079725 0.081 0.081315 0.08087 0.083745 0.081395 0.08024 0.081805
-3.8 0.080455 0.081545 0.08163 0.08127 0.083155 0.081095 0.081525 0.08272
-3.79 0.080655 0.082895 0.0814 0.080825 0.08316 0.08179 0.08229 0.082445
-3.78 0.080125 0.082305 0.08235 0.08124 0.08191 0.083295 0.08246 0.08281
-3.77 0.08078 0.08302 0.0826 0.08175 0.083935 0.08349 0.08287 0.08375
-3.76 0.082745 0.082995 0.08262 0.08205 0.084485 0.084205 0.084265 0.08413
-3.75 0.082395 0.084465 0.082085 0.08208 0.08485 0.0831 0.082735 0.08328
-3.74 0.081815 0.08516 0.081635 0.0826 0.084855 0.082955 0.08379 0.083725
-3.73 0.082395 0.08541 0.08379 0.081745 0.084705 0.08528 0.084675 0.08426
-3.72 0.084 0.08315 0.082685 0.082115 0.085185 0.0835 0.084515 0.0847
-3.71 0.082395 0.08517 0.083095 0.083815 0.08618 0.08364 0.0847 0.084555
-3.7 0.082995 0.085005 0.08388 0.084075 0.085715 0.084255 0.085815 0.086185
-3.69 0.08348 0.08485 0.08363 0.084055 0.087225 0.08551 0.08556 0.085635
-3.68 0.084145 0.08455 0.083275 0.083365 0.085195 0.083915 0.084885 0.085675
-3.67 0.083555 0.084115 0.08523 0.083745 0.0863 0.08539 0.08607 0.086555
-3.66 0.08456 0.085895 0.08557 0.085 0.08679 0.086145 0.08596 0.08618
-3.65 0.085385 0.08619 0.08578 0.08533 0.086405 0.08666 0.086765 0.08603
-3.64 0.085 0.08673 0.08525 0.086315 0.08715 0.087825 0.08732 0.08583
-3.63 0.08454 0.086555 0.08612 0.086 0.08749 0.0864 0.08644 0.0869
-3.62 0.08446 0.08687 0.086145 0.08633 0.08897 0.0858 0.08862 0.086695
-3.61 0.08796 0.0869 0.086525 0.086065 0.08833 0.087015 0.08718 0.087535
-3.6 0.086675 0.08741 0.08602 0.086635 0.08832 0.086855 0.087745 0.087345
-3.59 0.085795 0.08868 0.08718 0.08622 0.08903 0.08677 0.087515 0.08827
-3.58 0.0855 0.087065 0.087255 0.08716 0.08831 0.087515 0.088465 0.087695
-3.57 0.08517 0.0891 0.087465 0.087385 0.0883 0.089785 0.08846 0.088765
-3.56 0.08782 0.08909 0.088015 0.08652 0.09081 0.08943 0.088885 0.088475
-3.55 0.08733 0.088975 0.088235 0.085955 0.08933 0.08846 0.088255 0.089935
-3.54 0.08698 0.089765 0.08838 0.08731 0.09174 0.089505 0.088505 0.08799
-3.53 0.08829 0.088465 0.08853 0.08804 0.08973 0.08946 0.090135 0.089165
-3.52 0.087395 0.0892 0.088555 0.089565 0.09011 0.08871 0.089145 0.08962
-3.51 0.089505 0.08808 0.08872 0.08877 0.089825 0.088545 0.08984 0.089545
-3.5 0.088515 0.089745 0.089885 0.08927 0.08929 0.08937 0.08915 0.089875
-3.49 0.08836 0.090695 0.08942 0.090375 0.09139 0.08933 0.089665 0.08963
-3.48 0.088615 0.090125 0.090825 0.09025 0.090905 0.09024 0.09023 0.09128
-3.47 0.08934 0.08986 0.090585 0.089435 0.092465 0.08923 0.08961 0.091645
-3.46 0.089945 0.09109 0.09153 0.088975 0.09114 0.091385 0.090815 0.09216
-3.45 0.090545 0.091125 0.09089 0.09072 0.09165 0.090895 0.091755 0.091965
-3.44 0.09004 0.09102 0.090655 0.08985 0.091475 0.09142 0.09092 0.09163
-3.43 0.09076 0.090845 0.09282 0.090605 0.09278 0.09214 0.09078 0.09186
-3.42 0.09023 0.091665 0.09148 0.091025 0.09266 0.091665 0.09079 0.090555
-3.41 0.08982 0.092595 0.092405 0.09198 0.091715 0.09218 0.09315 0.09288
-3.4 0.09074 0.09209 0.094005 0.090645 0.09337 0.093155 0.09242 0.093425
-3.39 0.09225 0.09153 0.091245 0.09249 0.09386 0.09282 0.091675 0.093625
-3.38 0.0909 0.093225 0.092255 0.09173 0.092205 0.092605 0.09226 0.09307
-3.37 0.091065 0.093605 0.09394 0.091975 0.09385 0.092175 0.092805 0.09403
-3.36 0.092915 0.093725 0.093495 0.09164 0.09547 0.09434 0.09343 0.09393
-3.35 0.091935 0.09315 0.09376 0.09211 0.09486 0.09286 0.09305 0.094
-3.34 0.09296 0.0926 0.092525 0.093165 0.094785 0.093865 0.094525 0.093715
-3.33 0.09331 0.093905 0.093245 0.093155 0.09576 0.09322 0.09435 0.09413
-3.32 0.092365 0.09485 0.094615 0.093815 0.095575 0.093915 0.094175 0.09482
-3.31 0.09328 0.095055 0.092245 0.09383 0.095145 0.094355 0.094035 0.095025
-3.3 0.093955 0.09469 0.093775 0.093515 0.096225 0.09502 0.09413 0.095075
-3.29 0.09387 0.095545 0.0961 0.093835 0.09627 0.094805 0.09518 0.095495
-3.28 0.094405 0.09473 0.094875 0.09468 0.095815 0.09548 0.094255 0.094865
-3.27 0.09455 0.095575 0.096075 0.094125 0.095675 0.095855 0.097035 0.095205
-3.26 0.09434 0.09571 0.096005 0.094925 0.09484 0.09614 0.0963 0.09534
-3.25 0.095235 0.09673 0.09553 0.095195 0.097455 0.09587 0.094515 0.097495
-3.24 0.09559 0.096375 0.09656 0.09607 0.09703 0.095245 0.095735 0.097375
-3.23 0.09605 0.096475 0.096555 0.095005 0.095685 0.09668 0.09523 0.09672
-3.22 0.09613 0.09578 0.095215 0.094795 0.096675 0.096535 0.09549 0.096535
-3.21 0.096485 0.09609 0.09748 0.09589 0.096715 0.097075 0.0963 0.095535
-3.2 0.0967 0.09738 0.097735 0.09786 0.097075 0.097775 0.097465 0.097565
-3.19 0.095415 0.09664 0.097835 0.096395 0.096625 0.09697 0.096305 0.09704
-3.18 0.09547 0.09656 0.09815 0.096755 0.098675 0.09629 0.097265 0.09719
-3.17 0.096505 0.098085 0.09681 0.096755 0.097695 0.09696 0.09722 0.09918
-3.16 0.09676 0.09774 0.097435 0.097145 0.097935 0.09733 0.097765 0.097125
-3.15 0.09801 0.09755 0.097475 0.0964 0.098935 0.09913 0.097295 0.097145
-3.14 0.09643 0.09768 0.098165 0.097395 0.0987 0.09831 0.096975 0.098545
-3.13 0.098435 0.09858 0.09872 0.09794 0.09974 0.09899 0.09751 0.100505
-3.12 0.09823 0.098965 0.09848 0.098385 0.10024 0.09824 0.09889 0.099685
-3.11 0.098235 0.09859 0.09765 0.09842 0.09962 0.09914 0.09885 0.099365
-3.1 0.098885 0.097515 0.099005 0.09687 0.10107 0.096815 0.098495 0.09942
-3.09 0.098695 0.100695 0.099885 0.098165 0.099995 0.099215 0.09826 0.09975
-3.08 0.09696 0.09961 0.09973 0.097775 0.100315 0.099355 0.0989 0.099525
-3.07 0.099255 0.100075 0.098595 0.09831 0.100845 0.099145 0.09857 0.09872
-3.06 0.09917 0.101105 0.099535 0.09816 0.09996 0.100355 0.099435 0.10048
-3.05 0.099375 0.099645 0.101125 0.097895 0.10068 0.1004 0.098835 0.100445
-3.04 0.10068 0.100355 0.10008 0.09871 0.100785 0.09983 0.09974 0.09956
-3.03 0.099915 0.0998 0.101685 0.10047 0.101515 0.100445 0.098665 0.10139
-3.02 0.099715 0.10204 0.101295 0.09985 0.10134 0.100915 0.09969 0.10013
-3.01 0.10104 0.10089 0.09936 0.10006 0.102135 0.10074 0.10065 0.10147
-3 0.10024 0.10088 0.101595 0.101025 0.101165 0.100715 0.10083 0.101525
-2.99 0.101405 0.10192 0.102465 0.10016 0.101625 0.10136 0.09969 0.10076
-2.98 0.100665 0.10143 0.101765 0.100745 0.102735 0.10194 0.100225 0.102275
-2.97 0.10255 0.102525 0.101165 0.101355 0.10252 0.101415 0.101075 0.101085
-2.96 0.100345 0.10087 0.101895 0.10191 0.102745 0.10266 0.101625 0.102655
-2.95 0.101855 0.102695 0.101685 0.101425 0.10228 0.102355 0.10205 0.101825
-2.94 0.100865 0.102845 0.10175 0.102365 0.102815 0.10187 0.101715 0.1024
-2.93 0.10129 0.102235 0.10193 0.101695 0.101835 0.101525 0.102235 0.101825
-2.92 0.103135 0.101775 0.102555 0.10256 0.103995 0.101065 0.10226 0.1032
-2.91 0.102715 0.101855 0.10236 0.1011 0.103345 0.102255 0.10085 0.10323
-2.9 0.102845 0.102255 0.102195 0.10279 0.10351 0.10309 0.10261 0.102965
-2.89 0.101975 0.10312 0.104165 0.10277 0.105255 0.103685 0.102755 0.10278
-2.88 0.10378 0.10334 0.10373 0.10252 0.104715 0.10262 0.102875 0.10346
-2.87 0.105075 0.103915 0.10362 0.102985 0.104695 0.10274 0.10332 0.103145
-2.86 0.104095 0.102195 0.103415 0.103015 0.104375 0.103475 0.1032 0.103345
-2.85 0.104205 0.10363 0.10561 0.102585 0.104145 0.10285 0.10368 0.104625
-2.84 0.10453 0.10429 0.10546 0.103915 0.105055 0.104505 0.102685 0.10391
-2.83 0.104475 0.103265 0.103815 0.103525 0.10548 0.10365 0.10329 0.104495
-2.82 0.104295 0.103975 0.104125 0.104005 0.10498 0.103905 0.10493 0.10332
-2.81 0.104555 0.10304 0.10416 0.103735 0.105215 0.10478 0.10319 0.10438
-2.8 0.10387 0.104325 0.10494 0.10375 0.10409 0.104305 0.10366 0.104835
-2.79 0.104565 0.104795 0.10467 0.104955 0.105665 0.10507 0.10412 0.105885
-2.78 0.10579 0.10501 0.107205 0.10529 0.105525 0.10569 0.104855 0.105545
-2.77 0.10414 0.10439 0.10706 0.103805 0.106855 0.10604 0.106075 0.105495
-2.76 0.104805 0.10511 0.10536 0.104195 0.106145 0.10604 0.10489 0.10606
-2.75 0.10569 0.1048 0.10643 0.10449 0.105465 0.10596 0.106435 0.106875
-2.74 0.104985 0.105175 0.10599 0.104995 0.107625 0.106345 0.105405 0.105235
-2.73 0.10481 0.106795 0.106225 0.1047 0.10778 0.10591 0.10548 0.105805
-2.72 0.106865 0.10592 0.105855 0.106085 0.107425 0.106385 0.105425 0.106785
-2.71 0.10633 0.105985 0.106525 0.10537 0.10796 0.10643 0.1062 0.10785
-2.7 0.10635 0.10703 0.10662 0.10604 0.10724 0.10612 0.106285 0.1078
-2.69 0.107155 0.106875 0.106165 0.104155 0.106675 0.10876 0.106615 0.104975
-2.68 0.10659 0.106555 0.105935 0.10552 0.10884 0.1063 0.10547 0.10758
-2.67 0.10806 0.107465 0.10765 0.104405 0.10817 0.106845 0.106345 0.10634
-2.66 0.106975 0.10655 0.107565 0.10572 0.10753 0.107235 0.10684 0.106815
-2.65 0.10629 0.10793 0.10742 0.10646 0.1075 0.108585 0.10637 0.10819
-2.64 0.10694 0.10655 0.107205 0.10604 0.10817 0.108685 0.105605 0.10587
-2.63 0.107165 0.106215 0.10706 0.10758 0.10995 0.1062 0.106365 0.10757
-2.62 0.107665 0.10802 0.106855 0.107185 0.108645 0.10719 0.107235 0.10761
-2.61 0.10899 0.10802 0.108 0.107495 0.108495 0.10891 0.107695 0.108495
-2.6 0.10816 0.1075 0.10883 0.1061 0.11097 0.10883 0.108105 0.10744
-2.59 0.10749 0.10832 0.108385 0.106275 0.109205 0.108405 0.10905 0.108205
-2.58 0.108585 0.109415 0.108925 0.108145 0.108765 0.109615 0.10983 0.107355
-2.57 0.10831 0.108515 0.109865 0.10834 0.1102 0.10842 0.107335 0.109275
-2.56 0.108955 0.10815 0.109935 0.10544 0.109735 0.10977 0.10896 0.108705
-2.55 0.110375 0.11012 0.11007 0.108395 0.11121 0.109715 0.10782 0.10987
-2.54 0.10964 0.110505 0.10933 0.10799 0.111405 0.11021 0.107185 0.108165
-2.53 0.109515 0.11061 0.11123 0.10839 0.109545 0.110585 0.107775 0.110455
-2.52 0.108735 0.110295 0.11018 0.109105 0.111845 0.109265 0.109245 0.10931
-2.51 0.10983 0.110815 0.10982 0.10953 0.10946 0.108655 0.108525 0.11073
-2.5 0.108595 0.1089 0.109445 0.108865 0.11077 0.11004 0.10796 0.1106
-2.49 0.109065 0.11 0.11013 0.107895 0.1106 0.111075 0.110325 0.10961
-2.48 0.111145 0.1108 0.11027 0.1096 0.11101 0.11039 0.109875 0.11053
-2.47 0.110315 0.11115 0.110395 0.10837 0.110725 0.1093 0.109725 0.107645
-2.46 0.1111 0.11116 0.11114 0.110315 0.112035 0.111115 0.110855 0.11053
-2.45 0.110365 0.111005 0.11094 0.108195 0.111765 0.109785 0.10768 0.11104
-2.44 0.111225 0.11138 0.11018 0.1098 0.11153 0.109785 0.110165 0.11097
-2.43 0.110975 0.110265 0.110525 0.110175 0.112135 0.110725 0.11024 0.11135
-2.42 0.112275 0.11179 0.111085 0.109775 0.11192 0.109935 0.11065 0.11087
-2.41 0.1112 0.113015 0.111075 0.11041 0.112755 0.111105 0.11064 0.112025
-2.4 0.112175 0.11238 0.11163 0.11034 0.11216 0.11135 0.11022 0.111285
-2.39 0.112275 0.11246 0.112565 0.11079 0.111715 0.112645 0.10989 0.11097
-2.38 0.110845 0.111845 0.1127 0.111085 0.113 0.113415 0.11172 0.11309
-2.37 0.113075 0.11086 0.1107 0.111935 0.11216 0.11172 0.11276 0.11346
-2.36 0.111185 0.111585 0.11182 0.11154 0.11256 0.11147 0.11235 0.1109
-2.35 0.113945 0.112415 0.11167 0.110505 0.11327 0.112435 0.11092 0.111565
-2.34 0.112935 0.11339 0.11278 0.109815 0.1135 0.112595 0.11225 0.111565
-2.33 0.112575 0.113185 0.112615 0.11171 0.112495 0.111915 0.11114 0.11349
-2.32 0.11284 0.11263 0.11222 0.111305 0.11334 0.112985 0.112515 0.11338
-2.31 0.1138 0.111755 0.11318 0.112995 0.11319 0.11349 0.111595 0.11341
-2.3 0.11265 0.11352 0.114705 0.111245 0.113695 0.112445 0.11203 0.112715
-2.29 0.114085 0.11292 0.11394 0.11068 0.11427 0.11319 0.111715 0.11379
-2.28 0.114135 0.11434 0.11305 0.113185 0.11407 0.11348 0.11233 0.11267
-2.27 0.11344 0.114115 0.11286 0.11204 0.113805 0.113855 0.11372 0.11332
-2.26 0.11369 0.114515 0.11466 0.11192 0.114235 0.11369 0.113495 0.11288
-2.25 0.113295 0.11377 0.11402 0.1134 0.1136 0.114565 0.11379 0.11278
-2.24 0.115385 0.114515 0.114045 0.112655 0.11431 0.113885 0.111975 0.11406
-2.23 0.114955 0.11403 0.113755 0.11237 0.11447 0.11407 0.113255 0.11399
-2.22 0.11529 0.11498 0.11456 0.11368 0.11347 0.115525 0.11394 0.11497
-2.21 0.112845 0.11472 0.114185 0.11294 0.11532 0.11463 0.11274 0.11441
-2.2 0.115855 0.11483 0.11573 0.112855 0.115565 0.114465 0.11303 0.11573
-2.19 0.11599 0.114125 0.11572 0.113675 0.11588 0.11382 0.11424 0.114695
-2.18 0.115585 0.115555 0.11619 0.114015 0.115 0.11471 0.113825 0.114115
-2.17 0.11527 0.115735 0.113975 0.11276 0.115755 0.115665 0.113795 0.11584
-2.16 0.114795 0.116695 0.11476 0.11476 0.11466 0.11566 0.114725 0.11573
-2.15 0.11507 0.11643 0.11395 0.115105 0.11436 0.114835 0.113855 0.11316
-2.14 0.114755 0.115415 0.11598 0.1126 0.116625 0.115295 0.1151 0.1153
-2.13 0.115385 0.11618 0.116045 0.11394 0.115655 0.115675 0.114535 0.11392
-2.12 0.114525 0.115315 0.114225 0.113895 0.11406 0.116275 0.11608 0.11501
-2.11 0.115435 0.11583 0.11606 0.11401 0.11524 0.11533 0.11504 0.115765
-2.1 0.116015 0.1158 0.116285 0.11507 0.11575 0.115855 0.11445 0.11576
-2.09 0.117645 0.11503 0.11645 0.113535 0.115995 0.11576 0.114945 0.11512
-2.08 0.116095 0.115815 0.11616 0.11506 0.11806 0.116795 0.11506 0.11623
-2.07 0.116315 0.119305 0.115185 0.115125 0.115145 0.115255 0.11562 0.115105
-2.06 0.11651 0.117055 0.117515 0.11551 0.11786 0.115985 0.115495 0.11489
-2.05 0.11659 0.117695 0.11789 0.11466 0.11735 0.115175 0.11672 0.117565
-2.04 0.116815 0.116605 0.11625 0.116715 0.117785 0.11733 0.11664 0.1163
-2.03 0.11703 0.11678 0.11575 0.115735 0.1169 0.117195 0.1171 0.115805
-2.02 0.11816 0.115575 0.11605 0.115565 0.11774 0.11563 0.116315 0.1159
-2.01 0.11731 0.116945 0.117995 0.116065 0.1175 0.11634 0.11561 0.117085
-2 0.11666 0.11636 0.11718 0.11638 0.11696 0.11782 0.11557 0.116755
-1.99 0.117515 0.119235 0.117135 0.11498 0.11769 0.117405 0.11681 0.118545
-1.98 0.117405 0.116945 0.11706 0.115665 0.117945 0.117145 0.11694 0.116555
-1.97 0.116725 0.11833 0.117905 0.11678 0.117865 0.11645 0.115 0.11734
-1.96 0.118715 0.117585 0.117805 0.11681 0.11807 0.117045 0.117755 0.118295
-1.95 0.11809 0.11873 0.1183 0.11755 0.11809 0.117585 0.11709 0.11711
-1.94 0.117385 0.11803 0.118095 0.116115 0.11734 0.11899 0.11692 0.11805
-1.93 0.11968 0.1174 0.11852 0.115465 0.118085 0.118235 0.117135 0.118115
-1.92 0.11821 0.1194 0.11934 0.116995 0.11788 0.11892 0.115675 0.118685
-1.91 0.1183 0.118875 0.1201 0.11659 0.11786 0.117275 0.116605 0.11774
-1.9 0.11853 0.119625 0.11882 0.115705 0.119125 0.1181 0.117115 0.117715
-1.89 0.11821 0.117495 0.118275 0.11721 0.11872 0.117145 0.117185 0.119505
-1.88 0.11947 0.11821 0.11981 0.116615 0.12052 0.11746 0.11839 0.119165
-1.87 0.11954 0.118895 0.118325 0.118185 0.119525 0.11737 0.117935 0.11984
-1.86 0.118585 0.120245 0.118285 0.116965 0.11818 0.117945 0.116415 0.11816
-1.85 0.11864 0.119235 0.1206 0.118355 0.12068 0.118545 0.117115 0.11787
-1.84 0.11928 0.11955 0.119865 0.118605 0.119695 0.119625 0.1182 0.118745
-1.83 0.119925 0.120335 0.11931 0.11817 0.1205 0.119435 0.117975 0.11745
-1.82 0.11953 0.11917 0.1189 0.11681 0.118785 0.1192 0.11936 0.119205
-1.81 0.120415 0.120445 0.11721 0.118235 0.119055 0.11935 0.118515 0.120785
-1.8 0.12012 0.118865 0.120915 0.118915 0.12038 0.118695 0.11777 0.11933
-1.79 0.119835 0.120335 0.121235 0.118725 0.12074 0.1193 0.11839 0.118
-1.78 0.119885 0.1192 0.121655 0.118815 0.12006 0.11994 0.1197 0.12116
-1.77 0.119205 0.11918 0.120415 0.118695 0.12066 0.11913 0.117895 0.118445
-1.76 0.11915 0.121045 0.120765 0.11833 0.120695 0.120235 0.11836 0.11986
-1.75 0.119635 0.12162 0.12005 0.120215 0.119585 0.119215 0.117935 0.121235
-1.74 0.12129 0.12005 0.12086 0.11871 0.12063 0.12056 0.118905 0.12008
-1.73 0.12073 0.12045 0.120575 0.119095 0.120665 0.118705 0.11953 0.11994
-1.72 0.12027 0.121095 0.12058 0.118705 0.12102 0.119365 0.12029 0.12026
-1.71 0.121085 0.121425 0.11994 0.11967 0.121335 0.12031 0.11987 0.120995
-1.7 0.121075 0.121695 0.12387 0.11932 0.121735 0.12038 0.119055 0.12061
-1.69 0.12029 0.121035 0.12071 0.11968 0.12194 0.120915 0.11928 0.11994
-1.68 0.12034 0.12266 0.12135 0.11961 0.121865 0.11951 0.119485 0.120795
-1.67 0.121255 0.12023 0.12071 0.11878 0.12123 0.119625 0.120065 0.121505
-1.66 0.12281 0.12057 0.12147 0.11902 0.121165 0.121765 0.120385 0.11999
-1.65 0.1213 0.121915 0.12069 0.120785 0.121165 0.119445 0.12227 0.120775
-1.64 0.12095 0.12238 0.12204 0.12029 0.122035 0.12138 0.121595 0.120695
-1.63 0.12122 0.11961 0.121375 0.121585 0.12151 0.11985 0.119575 0.119735
-1.62 0.12199 0.120525 0.122015 0.120015 0.123255 0.12033 0.11982 0.12032
-1.61 0.12288 0.12148 0.12123 0.12115 0.121255 0.122225 0.120315 0.122155
-1.6 0.12177 0.121305 0.121725 0.11988 0.12228 0.1206 0.119885 0.1196
-1.59 0.121115 0.121205 0.12269 0.12039 0.12245 0.121315 0.1204 0.120715
-1.58 0.121135 0.1223 0.122355 0.12053 0.12232 0.121975 0.12074 0.12014
-1.57 0.1216 0.122275 0.12168 0.12071 0.121795 0.120845 0.119785 0.12109
-1.56 0.121525 0.121675 0.12325 0.12057 0.122575 0.12246 0.12034 0.121255
-1.55 0.122705 0.120165 0.12384 0.1229 0.121555 0.121695 0.121935 0.12276
-1.54 0.12163 0.12355 0.122405 0.121235 0.123865 0.121125 0.122475 0.121745
-1.53 0.12292 0.12226 0.12274 0.12242 0.12345 0.121735 0.12079 0.122345
-1.52 0.12139 0.123395 0.12116 0.120925 0.121905 0.12086 0.121835 0.121995
-1.51 0.122255 0.12151 0.12213 0.121785 0.123625 0.12231 0.12126 0.12336
-1.5 0.122615 0.12143 0.122035 0.12208 0.124805 0.122985 0.121125 0.121995
-1.49 0.122285 0.123475 0.122685 0.123095 0.1234 0.12386 0.12164 0.123
-1.48 0.122345 0.12402 0.12332 0.122775 0.12306 0.122595 0.122135 0.12286
-1.47 0.123405 0.121395 0.123325 0.121375 0.121805 0.123765 0.1231 0.12317
-1.46 0.1239 0.12296 0.12401 0.12227 0.122995 0.121285 0.12282 0.12295
-1.45 0.12265 0.12345 0.123655 0.124 0.123785 0.12244 0.122105 0.121815
-1.44 0.1229 0.12407 0.12301 0.122935 0.1233 0.122675 0.12183 0.124135
-1.43 0.122685 0.12365 0.124345 0.12264 0.123345 0.123745 0.122745 0.1237
-1.42 0.122975 0.124245 0.123585 0.12298 0.12369 0.12217 0.121885 0.122915
-1.41 0.124095 0.12337 0.1229 0.12237 0.12207 0.12176 0.12222 0.12203
-1.4 0.123735 0.12255 0.12539 0.123695 0.122995 0.122285 0.122065 0.12271
-1.39 0.122885 0.12279 0.1237 0.123285 0.123525 0.122525 0.12246 0.12272
-1.38 0.12401 0.122745 0.12387 0.12388 0.123965 0.12226 0.122935 0.123925
-1.37 0.12293 0.123005 0.12425 0.123325 0.12366 0.123665 0.12235 0.12284
-1.36 0.12444 0.12485 0.124545 0.123165 0.125065 0.124605 0.12277 0.12347
-1.35 0.12379 0.12625 0.12354 0.124715 0.12499 0.12226 0.122405 0.12376
-1.34 0.125255 0.125515 0.122575 0.125165 0.124935 0.12249 0.1221 0.123015
-1.33 0.12492 0.12438 0.12451 0.122635 0.124505 0.12503 0.12329 0.123625
-1.32 0.12342 0.1249 0.123305 0.12321 0.123715 0.12391 0.12142 0.12501
-1.31 0.125285 0.12504 0.12476 0.124565 0.12507 0.12406 0.12262 0.123385
-1.3 0.12328 0.12442 0.12412 0.124755 0.12294 0.1236 0.12287 0.125065
-1.29 0.126525 0.12357 0.123815 0.12421 0.122935 0.123865 0.12329 0.12282
-1.28 0.124125 0.12359 0.12304 0.124135 0.12431 0.124205 0.124395 0.12537
-1.27 0.12403 0.125625 0.124725 0.125185 0.124455 0.12401 0.123935 0.125
-1.26 0.12393 0.124625 0.124445 0.123705 0.12472 0.12491 0.1237 0.124745
-1.25 0.12395 0.124855 0.12384 0.124605 0.123815 0.124275 0.123075 0.124705
-1.24 0.124935 0.125375 0.125195 0.12585 0.124125 0.123275 0.123035 0.12535
-1.23 0.124405 0.125735 0.123915 0.12483 0.124315 0.12484 0.124075 0.124615
-1.22 0.12545 0.12429 0.1247 0.12602 0.124215 0.124215 0.12272 0.124885
-1.21 0.12546 0.124675 0.1253 0.124295 0.125025 0.12467 0.122665 0.12461
-1.2 0.12452 0.12492 0.124135 0.125575 0.124125 0.12478 0.12378 0.125625
-1.19 0.12533 0.12581 0.12404 0.12457 0.12369 0.12408 0.12445 0.123045
-1.18 0.125575 0.12534 0.12701 0.125105 0.1262 0.12495 0.124605 0.12363
-1.17 0.12553 0.125125 0.125595 0.125625 0.125245 0.125965 0.123945 0.12457
-1.16 0.126475 0.12685 0.125185 0.12514 0.12424 0.125375 0.12393 0.12479
-1.15 0.12566 0.126005 0.124795 0.126835 0.125025 0.12587 0.124185 0.124875
-1.14 0.12582 0.12518 0.12468 0.123755 0.12525 0.12554 0.124115 0.12635
-1.13 0.12606 0.126185 0.1258 0.12451 0.124945 0.124325 0.124625 0.12458
-1.12 0.124675 0.12608 0.125995 0.126275 0.125245 0.1259 0.12304 0.125495
-1.11 0.125885 0.12433 0.124205 0.125765 0.12556 0.125345 0.1248 0.12431
-1.1 0.125875 0.12634 0.12566 0.125345 0.12516 0.12512 0.12457 0.127475
-1.09 0.126055 0.125145 0.124525 0.125345 0.12589 0.124755 0.12501 0.1254
-1.08 0.12624 0.12525 0.12594 0.12369 0.12452 0.124905 0.125455 0.125815
-1.07 0.12773 0.12693 0.12728 0.125665 0.12542 0.124975 0.125295 0.12738
-1.06 0.12577 0.12608 0.12589 0.126215 0.125335 0.12441 0.12485 0.12592
-1.05 0.127145 0.12526 0.125735 0.125455 0.127225 0.12549 0.125385 0.12589
-1.04 0.12735 0.12516 0.12524 0.125375 0.127165 0.126305 0.124225 0.126265
-1.03 0.126085 0.12734 0.125765 0.125165 0.12559 0.125635 0.12446 0.126665
-1.02 0.127125 0.1256 0.125395 0.126745 0.12639 0.12583 0.124615 0.12524
-1.01 0.127245 0.127485 0.126495 0.12693 0.12525 0.126175 0.12638 0.12557
-1 0.125475 0.125275 0.125485 0.12778 0.12516 0.12551 0.125285 0.128105
-0.99 0.125155 0.126725 0.126665 0.12791 0.127 0.126065 0.125605 0.12596
-0.98 0.127005 0.126845 0.126275 0.127225 0.125975 0.126695 0.12543 0.12718
-0.97 0.12697 0.126795 0.12562 0.125965 0.127685 0.12739 0.12518 0.126075
-0.96 0.12637 0.127285 0.12698 0.127485 0.12546 0.126315 0.12478 0.12496
-0.95 0.126815 0.127445 0.126025 0.12695 0.12669 0.12553 0.126025 0.127945
-0.94 0.127175 0.127805 0.12811 0.126375 0.126575 0.126775 0.124265 0.126825
-0.93 0.128105 0.1263 0.12674 0.12666 0.125795 0.12721 0.125295 0.125735
-0.92 0.12792 0.12695 0.125605 0.12754 0.12712 0.1258 0.12598 0.1273
-0.91 0.126605 0.12676 0.12625 0.128055 0.12499 0.126895 0.12607 0.12576
-0.9 0.12678 0.127735 0.126485 0.12663 0.125905 0.12539 0.125325 0.12716
-0.89 0.127635 0.12698 0.12739 0.12708 0.12754 0.126095 0.127455 0.12784
-0.88 0.127775 0.12728 0.12597 0.12624 0.126185 0.12485 0.124825 0.127205
-0.87 0.127275 0.12704 0.12725 0.128245 0.12618 0.126445 0.12694 0.12702
-0.86 0.12837 0.12776 0.12645 0.12717 0.125735 0.125905 0.12521 0.12514
-0.85 0.12839 0.12856 0.127755 0.127725 0.126725 0.12622 0.12629 0.12777
-0.84 0.127175 0.12624 0.127725 0.127215 0.126005 0.126085 0.125715 0.12698
-0.83 0.126125 0.12744 0.12829 0.12716 0.12632 0.126575 0.1253 0.12722
-0.82 0.127435 0.12616 0.12811 0.1282 0.124285 0.127185 0.126475 0.126835
-0.81 0.128005 0.12703 0.12771 0.12836 0.127805 0.12658 0.127085 0.12746
-0.8 0.127965 0.126115 0.12788 0.126395 0.1273 0.12603 0.126975 0.1265
-0.79 0.127705 0.128075 0.127175 0.12659 0.127895 0.12704 0.12592 0.12684
-0.78 0.126475 0.12765 0.12722 0.127915 0.127475 0.1268 0.12575 0.127805
-0.77 0.12826 0.12894 0.12808 0.126345 0.126495 0.126055 0.12462 0.127955
-0.76 0.129865 0.12819 0.12785 0.128045 0.12613 0.125695 0.127135 0.12813
-0.75 0.1283 0.12737 0.12884 0.127135 0.128105 0.128135 0.126675 0.127195
-0.74 0.12827 0.12801 0.13049 0.128415 0.12838 0.126445 0.127035 0.126165
-0.73 0.128795 0.12733 0.12676 0.12807 0.12739 0.12621 0.125635 0.127605
-0.72 0.127575 0.126585 0.12737 0.12833 0.12784 0.12834 0.127125 0.127305
-0.71 0.12834 0.12776 0.127695 0.129785 0.126705 0.126275 0.1276 0.128015
-0.7 0.12884 0.128695 0.126885 0.12836 0.12767 0.12625 0.12674 0.126535
-0.69 0.12769 0.12706 0.127935 0.12892 0.126905 0.126945 0.126595 0.128175
-0.68 0.129115 0.127055 0.127 0.12812 0.128235 0.126745 0.126135 0.128725
-0.67 0.12778 0.127885 0.12903 0.12989 0.12718 0.126955 0.12756 0.12707
-0.66 0.12828 0.12959 0.128845 0.128875 0.12735 0.12675 0.12788 0.127345
-0.65 0.12755 0.12915 0.126455 0.12927 0.12758 0.12737 0.127505 0.12809
-0.64 0.12848 0.127625 0.12805 0.128405 0.127575 0.12717 0.12718 0.12792
-0.63 0.12784 0.12896 0.12975 0.12874 0.127075 0.12794 0.129805 0.127565
-0.62 0.12921 0.12668 0.12867 0.12868 0.12714 0.12777 0.12467 0.12693
-0.61 0.128295 0.13022 0.127935 0.126975 0.12679 0.1274 0.12796 0.12914
-0.6 0.1292 0.127825 0.127615 0.127915 0.12738 0.12755 0.127675 0.12948
-0.59 0.12796 0.12923 0.128015 0.12928 0.128995 0.128505 0.12698 0.127165
-0.58 0.12942 0.1283 0.128845 0.128775 0.12718 0.12641 0.126585 0.128675
-0.57 0.1285 0.128065 0.1292 0.12764 0.127225 0.12842 0.12784 0.128725
-0.56 0.128485 0.1283 0.12954 0.12988 0.12734 0.12794 0.127505 0.1282
-0.55 0.129285 0.12995 0.1291 0.12891 0.128095 0.12716 0.127645 0.12966
-0.54 0.130385 0.12793 0.12725 0.128245 0.128155 0.12719 0.126295 0.127895
-0.53 0.128815 0.129025 0.130245 0.128665 0.12762 0.12902 0.127175 0.127025
-0.52 0.13098 0.12979 0.12958 0.129395 0.12695 0.12707 0.127345 0.12716
-0.51 0.12896 0.128925 0.12869 0.128575 0.12734 0.12772 0.128775 0.12831
-0.5 0.13027 0.12891 0.12805 0.129605 0.12813 0.12857 0.12847 0.12906
-0.49 0.12875 0.128625 0.128585 0.12904 0.12622 0.127895 0.12794 0.12945
-0.48 0.1288 0.12895 0.128715 0.12901 0.128755 0.12873 0.12739 0.12964
-0.47 0.128795 0.12944 0.12926 0.127965 0.126845 0.12928 0.12801 0.127715
-0.46 0.129615 0.128835 0.1284 0.13009 0.128035 0.127035 0.12774 0.127765
-0.45 0.129195 0.12935 0.12847 0.12822 0.126645 0.128585 0.127405 0.128665
-0.44 0.128975 0.12842 0.12938 0.129675 0.12802 0.12998 0.12938 0.128595
-0.43 0.129255 0.1299 0.12854 0.129785 0.1279 0.1276 0.126945 0.129505
-0.42 0.12927 0.12834 0.1279 0.12998 0.12867 0.12783 0.12762 0.12892
-0.41 0.128145 0.127905 0.12867 0.130365 0.128095 0.12861 0.12848 0.12815
-0.4 0.129035 0.1288 0.12952 0.129625 0.12871 0.127555 0.12897 0.12818
-0.39 0.12811 0.129295 0.129765 0.129485 0.12816 0.127785 0.13004 0.130025
-0.38 0.128755 0.12892 0.13 0.13058 0.12889 0.12859 0.127795 0.127685
-0.37 0.12991 0.12899 0.127465 0.12939 0.126965 0.12957 0.12816 0.13041
-0.36 0.13016 0.12935 0.1291 0.12947 0.129365 0.126915 0.12922 0.129445
-0.35 0.13076 0.130065 0.12867 0.129645 0.12829 0.127395 0.12792 0.128795
-0.34 0.129325 0.129635 0.12959 0.130955 0.128235 0.128505 0.129155 0.12862
-0.33 0.1302 0.130485 0.1299 0.129605 0.12809 0.12996 0.128255 0.12839
-0.32 0.12918 0.12849 0.129165 0.12978 0.129015 0.127805 0.128505 0.12909
-0.31 0.13086 0.127955 0.12923 0.13063 0.127885 0.12914 0.127715 0.128175
-0.3 0.12712 0.129335 0.12828 0.12952 0.129035 0.128135 0.128385 0.12886
-0.29 0.128135 0.1265 0.127595 0.129795 0.12786 0.127925 0.12966 0.129465
-0.28 0.13013 0.130035 0.129645 0.12932 0.12771 0.129685 0.12849 0.128385
-0.27 0.1282 0.128985 0.12921 0.1296 0.12764 0.128555 0.129745 0.12995
-0.26 0.129255 0.130055 0.12801 0.12927 0.128595 0.1296 0.128675 0.129995
-0.25 0.12857 0.129445 0.127755 0.129805 0.12752 0.127535 0.128875 0.12999
-0.24 0.128915 0.13003 0.128645 0.131 0.12717 0.12843 0.128475 0.128385
-0.23 0.12915 0.12921 0.129895 0.13009 0.128455 0.12941 0.128315 0.129185
-0.22 0.12846 0.130385 0.12882 0.129565 0.12934 0.128255 0.1299 0.129245
-0.21 0.12921 0.129195 0.129605 0.128405 0.12863 0.12696 0.12988 0.12825
-0.2 0.129625 0.12878 0.129165 0.12869 0.129955 0.128435 0.127055 0.12875
-0.19 0.12844 0.12866 0.127745 0.1305 0.12832 0.12848 0.12868 0.129585
-0.18 0.128505 0.12844 0.12893 0.131095 0.127905 0.12774 0.127635 0.129595
-0.17 0.12903 0.12937 0.127785 0.131005 0.128855 0.12871 0.12844 0.13084
-0.16 0.12904 0.129345 0.130115 0.130375 0.129085 0.12757 0.12948 0.13053
-0.15 0.13014 0.130405 0.13009 0.1286 0.12849 0.129815 0.127365 0.12803
-0.14 0.129575 0.129505 0.12913 0.131175 0.12857 0.12769 0.12745 0.12898
-0.13 0.130375 0.13098 0.13018 0.13183 0.128015 0.12857 0.12894 0.13013
-0.12 0.13014 0.129945 0.12907 0.129445 0.128225 0.128835 0.127805 0.12873
-0.11 0.128885 0.13034 0.129245 0.131745 0.128825 0.1281 0.129205 0.13063
-0.1 0.129505 0.128435 0.12914 0.131645 0.127705 0.127605 0.128965 0.12901
-0.09 0.12928 0.130835 0.129415 0.129145 0.128325 0.12848 0.12833 0.128805
-0.08 0.12962 0.130615 0.129805 0.13025 0.1298 0.12837 0.12989 0.129045
-0.07 0.130995 0.1297 0.12981 0.13196 0.128445 0.12852 0.12984 0.12939
-0.06 0.12883 0.128465 0.129215 0.12928 0.12857 0.12986 0.12891 0.129
-0.05 0.130295 0.12958 0.12914 0.131395 0.12917 0.12906 0.128825 0.129805
-0.04 0.12847 0.12967 0.12815 0.13066 0.128725 0.127635 0.13019 0.12837
-0.03 0.131465 0.130095 0.130205 0.129355 0.129005 0.128295 0.129135 0.128195
-0.02 0.128905 0.12912 0.12902 0.13073 0.128895 0.12846 0.128695 0.12943
-0.01 0.12868 0.129095 0.129295 0.131425 0.12957 0.12679 0.129625 0.12867
0 0.129455 0.12925 0.12947 0.130825 0.129815 0.12805 0.12881 0.1287
0.01 0.12877 0.128985 0.12933 0.13104 0.12819 0.12748 0.127955 0.1289
0.02 0.130555 0.12972 0.13111 0.131105 0.12904 0.128305 0.128395 0.1286
0.03 0.13016 0.129475 0.12896 0.1306 0.12999 0.126995 0.12826 0.12896
0.04 0.12827 0.12991 0.12839 0.12956 0.128005 0.12711 0.12955 0.129935
0.05 0.129295 0.129205 0.129235 0.13067 0.128215 0.128435 0.12877 0.130025
0.06 0.12951 0.12932 0.13055 0.13073 0.127925 0.12851 0.1291 0.12942
0.07 0.129195 0.12971 0.129045 0.130045 0.12892 0.12875 0.129905 0.129475
0.08 0.12855 0.13007 0.130615 0.130945 0.127815 0.127245 0.128855 0.13056
0.09 0.129955 0.13028 0.12875 0.13098 0.129165 0.128825 0.129495 0.12991
0.1 0.130375 0.129085 0.128675 0.129885 0.12831 0.12763 0.12937 0.127775
0.11 0.13023 0.128995 0.128955 0.130665 0.12844 0.128315 0.127935 0.12849
0.12 0.12946 0.129055 0.128755 0.130155 0.128175 0.127325 0.12813 0.129095
0.13 0.130415 0.13076 0.12752 0.129975 0.129205 0.12915 0.130225 0.12873
0.14 0.130085 0.12893 0.130615 0.130675 0.129195 0.128045 0.1293 0.130045
0.15 0.131005 0.12867 0.128805 0.131055 0.128845 0.12782 0.129045 0.12881
0.16 0.12953 0.13097 0.129975 0.130335 0.127975 0.129135 0.128715 0.129515
0.17 0.12861 0.130155 0.13009 0.130475 0.12767 0.12747 0.12874 0.12924
0.18 0.13078 0.130005 0.129635 0.13107 0.129595 0.129195 0.12881 0.12985
0.19 0.12925 0.128955 0.129225 0.13046 0.128085 0.127705 0.12929 0.129325
0.2 0.130245 0.12967 0.130205 0.12995 0.129495 0.12863 0.128455 0.127875
0.21 0.129875 0.128725 0.127925 0.129225 0.128375 0.128805 0.129275 0.129695
0.22 0.13011 0.12933 0.129225 0.12988 0.12935 0.12934 0.129495 0.12871
0.23 0.128525 0.12968 0.12775 0.12911 0.12816 0.128865 0.12955 0.127755
0.24 0.130125 0.12899 0.127085 0.130585 0.128615 0.12797 0.12805 0.12888
0.25 0.13027 0.129085 0.12978 0.129375 0.129065 0.128655 0.128155 0.13029
0.26 0.13139 0.12965 0.1284 0.12934 0.129225 0.12856 0.13001 0.12954
0.27 0.12935 0.129715 0.128945 0.130635 0.12858 0.129085 0.128805 0.128145
0.28 0.129185 0.12808 0.129395 0.131415 0.12775 0.127805 0.127475 0.12897
0.29 0.130105 0.1274 0.127505 0.130655 0.12753 0.127765 0.13001 0.129575
0.3 0.13062 0.12855 0.128055 0.130355 0.12752 0.12607 0.12922 0.129695
0.31 0.129065 0.129195 0.128855 0.13107 0.12924 0.12844 0.128615 0.12833
0.32 0.129675 0.130135 0.12805 0.130715 0.12832 0.128845 0.127565 0.128215
0.33 0.128695 0.127735 0.130065 0.130405 0.12806 0.127905 0.12829 0.12668
0.34 0.128895 0.128455 0.12797 0.12853 0.128215 0.128075 0.128595 0.128015
0.35 0.130305 0.129655 0.12927 0.13138 0.12678 0.12828 0.127765 0.128195
0.36 0.1281 0.128 0.12871 0.13052 0.12836 0.12841 0.129215 0.128305
0.37 0.12911 0.128455 0.128935 0.13084 0.12644 0.126705 0.128865 0.128885
0.38 0.128425 0.12859 0.129075 0.130615 0.12903 0.12894 0.129125 0.12885
0.39 0.12863 0.129695 0.12827 0.130975 0.12828 0.12931 0.127965 0.129055
0.4 0.13074 0.12872 0.129275 0.128675 0.12745 0.12782 0.1294 0.127705
0.41 0.129405 0.12911 0.128915 0.12921 0.128235 0.12756 0.128785 0.128125
0.42 0.12979 0.128555 0.129585 0.12961 0.1267 0.12785 0.12866 0.130145
0.43 0.12709 0.127685 0.127545 0.129835 0.127845 0.126895 0.127785 0.13032
0.44 0.12869 0.128235 0.129275 0.130275 0.127885 0.12706 0.127435 0.1284
0.45 0.128165 0.12891 0.12712 0.12953 0.12706 0.127495 0.128065 0.12798
0.46 0.128695 0.128185 0.128855 0.130535 0.12749 0.12779 0.12768 0.127295
0.47 0.1272 0.129355 0.12946 0.128875 0.127805 0.127475 0.129315 0.12964
0.48 0.12873 0.127825 0.129015 0.12978 0.128615 0.128045 0.127965 0.128175
0.49 0.128095 0.129865 0.127905 0.1285 0.127755 0.127615 0.128015 0.127205
0.5 0.128095 0.129235 0.129475 0.13083 0.12677 0.127605 0.12856 0.12971
0.51 0.128015 0.127655 0.129395 0.13035 0.12645 0.12801 0.128825 0.13012
0.52 0.128445 0.12868 0.128265 0.128115 0.127175 0.12876 0.128505 0.1284
0.53 0.12763 0.128605 0.128575 0.12921 0.128725 0.12696 0.12824 0.128555
0.54 0.127965 0.128315 0.12866 0.12917 0.128845 0.1276 0.12834 0.12839
0.55 0.12816 0.127535 0.12743 0.130015 0.127095 0.12787 0.127805 0.1286
0.56 0.129205 0.128515 0.128075 0.130755 0.1279 0.12803 0.128705 0.12849
0.57 0.12876 0.12734 0.127355 0.128225 0.126675 0.127405 0.128565 0.12747
0.58 0.12898 0.12728 0.12803 0.12876 0.127135 0.128605 0.127895 0.12732
0.59 0.128315 0.128425 0.12957 0.12822 0.128855 0.125905 0.12677 0.12866
0.6 0.127925 0.12849 0.129165 0.12889 0.126945 0.127705 0.128415 0.128405
0.61 0.128685 0.12789 0.12736 0.12941 0.12632 0.127175 0.127315 0.128235
0.62 0.12768 0.12773 0.128195 0.12765 0.12693 0.12787 0.12702 0.12859
0.63 0.128585 0.129215 0.126855 0.1304 0.12748 0.127065 0.12751 0.12789
0.64 0.126935 0.127815 0.12867 0.129 0.1274 0.12638 0.12847 0.12785
0.65 0.129505 0.127835 0.126635 0.129545 0.12781 0.12646 0.127375 0.127905
0.66 0.12834 0.12918 0.12887 0.12821 0.126895 0.126405 0.126875 0.12876
0.67 0.12905 0.125915 0.128195 0.12726 0.12641 0.12894 0.128565 0.128065
0.68 0.129545 0.127435 0.12835 0.128675 0.12719 0.127355 0.128745 0.128385
0.69 0.12757 0.12728 0.12663 0.12821 0.12791 0.12781 0.12897 0.12894
0.7 0.126805 0.128315 0.129555 0.12786 0.12595 0.127745 0.126945 0.12822
0.71 0.12656 0.12899 0.12652 0.12885 0.12801 0.12836 0.1272 0.12767
0.72 0.128685 0.12929 0.127615 0.12901 0.12583 0.12751 0.127895 0.126415
0.73 0.127455 0.126775 0.12712 0.128105 0.125835 0.1272 0.126345 0.12766
0.74 0.127325 0.127895 0.12794 0.126915 0.127685 0.127635 0.126855 0.128435
0.75 0.127095 0.127695 0.12666 0.12842 0.12688 0.12733 0.128235 0.12715
0.76 0.128445 0.12906 0.126225 0.128865 0.126475 0.126285 0.126655 0.12683
0.77 0.127745 0.127015 0.127465 0.128385 0.127025 0.127875 0.127515 0.127745
0.78 0.12785 0.12686 0.127555 0.12952 0.126915 0.125965 0.1276 0.12838
0.79 0.128735 0.12837 0.12653 0.12851 0.12787 0.125715 0.12621 0.125475
0.8 0.125885 0.126535 0.125915 0.127745 0.126785 0.12779 0.127745 0.12704
0.81 0.12774 0.125915 0.127015 0.127425 0.12617 0.126065 0.128545 0.128015
0.82 0.126515 0.12769 0.12673 0.127915 0.126085 0.125815 0.12725 0.126705
0.83 0.126525 0.12628 0.128315 0.127125 0.126115 0.125195 0.12739 0.12508
0.84 0.127295 0.12551 0.126735 0.128435 0.12627 0.12645 0.12671 0.12778
0.85 0.127545 0.12707 0.127735 0.12817 0.1258 0.127035 0.125285 0.127625
0.86 0.12825 0.127365 0.12546 0.129075 0.12588 0.127105 0.126215 0.126015
0.87 0.127425 0.125535 0.12825 0.127985 0.128035 0.12619 0.127405 0.12808
0.88 0.126675 0.12604 0.126825 0.12835 0.126115 0.125685 0.12638 0.126105
0.89 0.126465 0.12783 0.125355 0.12836 0.126375 0.127025 0.126545 0.12626
0.9 0.12543 0.12538 0.1262 0.127725 0.12617 0.12706 0.12471 0.127085
0.91 0.127635 0.12561 0.126895 0.12853 0.12524 0.12692 0.12605 0.127605
0.92 0.12608 0.125965 0.12735 0.126615 0.12671 0.126085 0.12645 0.12758
0.93 0.126015 0.126925 0.126845 0.127465 0.124745 0.127285 0.125975 0.127865
0.94 0.12616 0.125675 0.126535 0.12805 0.12664 0.12663 0.12668 0.126125
0.95 0.125655 0.12609 0.12886 0.12693 0.12613 0.12502 0.128155 0.126415
0.96 0.126135 0.1267 0.126825 0.128055 0.12637 0.126415 0.12626 0.127155
0.97 0.12601 0.125765 0.126605 0.12694 0.126415 0.12685 0.125675 0.12572
0.98 0.125865 0.124615 0.1255 0.128585 0.12601 0.12692 0.126335 0.126355
0.99 0.12597 0.126775 0.12683 0.125565 0.125125 0.12591 0.123505 0.12617
1 0.12543 0.12578 0.12637 0.1275 0.125145 0.12497 0.126415 0.12695
1.01 0.12607 0.125785 0.125855 0.128395 0.125595 0.12513 0.126035 0.124895
1.02 0.12472 0.12525 0.12709 0.125915 0.12616 0.1256 0.12643 0.125035
1.03 0.127005 0.125755 0.12501 0.126555 0.125545 0.12503 0.1248 0.126975
1.04 0.125485 0.125485 0.12698 0.12598 0.123695 0.124425 0.125755 0.127
1.05 0.126365 0.126955 0.1261 0.12676 0.124645 0.125425 0.125085 0.12543
1.06 0.125725 0.12487 0.124785 0.12494 0.125175 0.125015 0.12621 0.12462
1.07 0.12722 0.12453 0.127205 0.126845 0.125235 0.12667 0.1244 0.126085
1.08 0.125555 0.12466 0.12571 0.12725 0.124745 0.12582 0.126165 0.12466
1.09 0.12555 0.12481 0.124005 0.127665 0.12373 0.125555 0.125195 0.12648
1.1 0.126365 0.123325 0.124405 0.126045 0.1246 0.124985 0.125285 0.124285
1.11 0.12486 0.125225 0.125285 0.12677 0.1236 0.12634 0.12447 0.124235
1.12 0.126245 0.12494 0.12544 0.12595 0.12442 0.12567 0.124255 0.12549
1.13 0.1241 0.125605 0.12469 0.126 0.12421 0.124755 0.124765 0.12401
1.14 0.12548 0.12515 0.126335 0.1258 0.12395 0.125775 0.125615 0.125985
1.15 0.12442 0.125865 0.124415 0.12739 0.12291 0.125 0.12611 0.12483
1.16 0.12459 0.123765 0.125295 0.125305 0.1252 0.124335 0.12476 0.12501
1.17 0.12538 0.12404 0.12609 0.126655 0.122765 0.126365 0.12324 0.12565
1.18 0.1233 0.124735 0.125105 0.1273 0.12393 0.127005 0.125955 0.12482
1.19 0.125775 0.12393 0.125785 0.124925 0.12232 0.125825 0.125115 0.125065
1.2 0.124 0.123775 0.12493 0.126785 0.123285 0.12502 0.125115 0.12391
1.21 0.12424 0.123105 0.123715 0.127705 0.124265 0.125135 0.124325 0.12595
1.22 0.125785 0.124985 0.124355 0.12545 0.12386 0.12338 0.12428 0.12303
1.23 0.12384 0.12557 0.125155 0.125735 0.123385 0.124925 0.12432 0.124265
1.24 0.124755 0.12351 0.124945 0.12557 0.12161 0.12407 0.124135 0.12332
1.25 0.124365 0.123045 0.12351 0.12626 0.123505 0.12338 0.1251 0.124695
1.26 0.12414 0.124205 0.125745 0.126085 0.122715 0.12583 0.12373 0.12532
1.27 0.12499 0.12488 0.12457 0.12538 0.1235 0.12355 0.12508 0.12395
1.28 0.12486 0.122875 0.12395 0.12403 0.12401 0.123615 0.123345 0.124715
1.29 0.124065 0.122495 0.124275 0.12601 0.121865 0.123385 0.123295 0.12317
1.3 0.1235 0.124885 0.12436 0.124925 0.12318 0.12485 0.12189 0.12504
1.31 0.12371 0.1225 0.124625 0.12379 0.1232 0.12311 0.12295 0.12441
1.32 0.123385 0.122555 0.123475 0.12444 0.12298 0.125165 0.1232 0.123845
1.33 0.124355 0.12489 0.123755 0.12314 0.12213 0.122605 0.12441 0.123765
1.34 0.123115 0.12301 0.12422 0.124955 0.12186 0.12383 0.122275 0.12259
1.35 0.1234 0.1238 0.123505 0.124585 0.12285 0.122645 0.12261 0.12375
1.36 0.123575 0.12184 0.12402 0.123955 0.123 0.12241 0.12188 0.122335
1.37 0.12289 0.121305 0.12436 0.124355 0.12313 0.122495 0.12289 0.12224
1.38 0.1229 0.123225 0.123285 0.123785 0.12261 0.12373 0.123485 0.1237
1.39 0.123135 0.122115 0.12304 0.124895 0.122555 0.123615 0.121315 0.12193
1.4 0.12345 0.12303 0.12297 0.123095 0.12348 0.12319 0.121755 0.12301
1.41 0.12282 0.123205 0.12351 0.123355 0.12203 0.12308 0.12375 0.122475
1.42 0.12436 0.12248 0.12385 0.122865 0.12315 0.12342 0.121885 0.122575
1.43 0.123255 0.121495 0.12308 0.12386 0.123625 0.12299 0.12267 0.12305
1.44 0.12249 0.12261 0.12256 0.121755 0.121935 0.1223 0.12187 0.1222
1.45 0.121725 0.12175 0.12286 0.12336 0.12245 0.12183 0.12395 0.123415
1.46 0.12116 0.12272 0.12279 0.123665 0.121235 0.123095 0.122835 0.122385
1.47 0.12255 0.123385 0.12225 0.12203 0.122635 0.122785 0.12216 0.12214
1.48 0.12248 0.12284 0.123815 0.12114 0.12019 0.122555 0.12132 0.122095
1.49 0.12438 0.121725 0.122845 0.123715 0.12177 0.12083 0.121315 0.121615
1.5 0.123145 0.120675 0.123635 0.122365 0.120195 0.12304 0.12201 0.12242
1.51 0.1214 0.12183 0.12269 0.123135 0.12105 0.12316 0.12136 0.121465
1.52 0.120705 0.121525 0.123055 0.123415 0.1218 0.120865 0.120805 0.122095
1.53 0.121875 0.12017 0.121645 0.12383 0.120655 0.12095 0.122595 0.12221
1.54 0.122035 0.121575 0.12222 0.12185 0.123015 0.12295 0.1219 0.121695
1.55 0.123055 0.11981 0.12238 0.122345 0.120225 0.121455 0.1218 0.1215
1.56 0.121155 0.122335 0.122095 0.1215 0.12016 0.121495 0.12123 0.12228
1.57 0.120765 0.1211 0.12136 0.122315 0.12028 0.12165 0.12188 0.121085
1.58 0.12154 0.11996 0.122085 0.120745 0.120035 0.1216 0.12212 0.11979
1.59 0.121625 0.120875 0.120975 0.121495 0.119725 0.121905 0.12043 0.120625
1.6 0.12043 0.120705 0.122025 0.121185 0.121805 0.12191 0.119 0.119565
1.61 0.122515 0.12161 0.12205 0.12088 0.120555 0.12108 0.12053 0.120975
1.62 0.12178 0.12021 0.12181 0.12042 0.12086 0.12109 0.12033 0.120345
1.63 0.120385 0.119615 0.12103 0.121205 0.12143 0.120885 0.12059 0.12017
1.64 0.120805 0.12059 0.12002 0.119585 0.119435 0.122785 0.120685 0.12072
1.65 0.12131 0.12081 0.119615 0.120945 0.119355 0.12124 0.120295 0.12011
1.66 0.120475 0.121335 0.12184 0.121285 0.118685 0.12104 0.11982 0.120785
1.67 0.121885 0.119025 0.1205 0.120065 0.119855 0.11914 0.119975 0.12082
1.68 0.12073 0.120175 0.12103 0.1206 0.11964 0.11984 0.120855 0.1211
1.69 0.120295 0.119655 0.12222 0.118775 0.119145 0.119855 0.12003 0.12004
1.7 0.119785 0.12028 0.121485 0.119985 0.118735 0.1203 0.12145 0.118975
1.71 0.120695 0.11836 0.12051 0.120035 0.120345 0.11951 0.11907 0.120055
1.72 0.12129 0.119345 0.11926 0.119945 0.118915 0.12053 0.120205 0.11947
1.73 0.121115 0.11945 0.122275 0.12271 0.120265 0.119885 0.11983 0.120475
1.74 0.118675 0.11853 0.12023 0.118755 0.1183 0.1203 0.119505 0.11902
1.75 0.11888 0.11978 0.11836 0.118475 0.119315 0.119235 0.118725 0.120625
1.76 0.120735 0.11923 0.12064 0.119745 0.119385 0.119045 0.11942 0.119025
1.77 0.11971 0.11957 0.12267 0.119815 0.11815 0.117845 0.118725 0.11847
1.78 0.119705 0.11885 0.119935 0.118945 0.11852 0.12064 0.119395 0.118525
1.79 0.11839 0.11858 0.12 0.120445 0.11756 0.1193 0.118995 0.11844
1.8 0.11999 0.11831 0.12011 0.118915 0.119715 0.11984 0.11827 0.117305
1.81 0.118145 0.11808 0.119705 0.11937 0.11832 0.11957 0.11806 0.11916
1.82 0.12054 0.11786 0.119765 0.11869 0.11826 0.118775 0.11872 0.11822
1.83 0.11917 0.11915 0.11966 0.1194 0.117515 0.118195 0.119025 0.118215
1.84 0.120085 0.11697 0.119235 0.11918 0.117265 0.1203 0.11788 0.11638
1.85 0.119785 0.11781 0.119825 0.119095 0.118035 0.119145 0.118265 0.118985
1.86 0.11821 0.11699 0.11944 0.118285 0.116075 0.119005 0.118745 0.117645
1.87 0.1197 0.117285 0.120695 0.117555 0.11755 0.117285 0.117625 0.1165
1.88 0.11964 0.117575 0.11939 0.118325 0.11815 0.118415 0.118895 0.11741
1.89 0.119495 0.11675 0.118825 0.11881 0.11775 0.1186 0.11851 0.11709
1.9 0.118415 0.117435 0.11962 0.11744 0.117115 0.11697 0.118195 0.117125
1.91 0.11879 0.117005 0.11786 0.118755 0.116915 0.11719 0.117035 0.118505
1.92 0.1184 0.117195 0.11923 0.118085 0.116985 0.117915 0.117595 0.11616
1.93 0.118785 0.11584 0.117695 0.117715 0.116515 0.117225 0.11756 0.11701
1.94 0.11719 0.117265 0.11744 0.11806 0.118315 0.11698 0.11594 0.11689
1.95 0.118185 0.117025 0.1174 0.116455 0.116425 0.116955 0.11756 0.117775
1.96 0.11805 0.114935 0.11797 0.11783 0.11634 0.11672 0.11783 0.117075
1.97 0.117435 0.117515 0.117265 0.117835 0.117195 0.116765 0.11758 0.115425
1.98 0.117005 0.1166 0.117545 0.117265 0.117085 0.11667 0.116435 0.116015
1.99 0.11847 0.11627 0.116495 0.11672 0.116755 0.117245 0.11739 0.11703
2 0.116725 0.116255 0.117845 0.11718 0.11602 0.11567 0.11885 0.11582
2.01 0.1185 0.11574 0.11765 0.1166 0.11555 0.1174 0.115095 0.116695
2.02 0.11616 0.11703 0.11795 0.11644 0.11485 0.11574 0.11717 0.115525
2.03 0.117685 0.116155 0.11685 0.11695 0.11491 0.11572 0.11696 0.11519
2.04 0.117655 0.116505 0.115785 0.11672 0.114825 0.11661 0.117125 0.11703
2.05 0.11784 0.11387 0.11693 0.116395 0.115275 0.116085 0.116165 0.11496
2.06 0.117225 0.116315 0.11615 0.114385 0.115535 0.1159 0.116825 0.114845
2.07 0.117425 0.11515 0.11578 0.1167 0.115365 0.11591 0.1155 0.114115
2.08 0.118035 0.115165 0.115635 0.117095 0.11431 0.11602 0.115595 0.116305
2.09 0.117085 0.11347 0.115705 0.114855 0.115435 0.115385 0.117285 0.11462
2.1 0.11598 0.114275 0.11522 0.115705 0.115235 0.115355 0.11501 0.11442
2.11 0.115475 0.113365 0.116665 0.11724 0.1145 0.115385 0.115625 0.113965
2.12 0.115935 0.113835 0.115215 0.11417 0.116105 0.11575 0.116375 0.11378
2.13 0.117565 0.113615 0.11495 0.11448 0.11512 0.11452 0.11494 0.11416
2.14 0.115355 0.114795 0.114655 0.115275 0.11439 0.114875 0.114625 0.11525
2.15 0.11532 0.11475 0.11547 0.11488 0.1139 0.11389 0.11472 0.113465
2.16 0.11569 0.11313 0.115145 0.11448 0.113455 0.114675 0.11495 0.113515
2.17 0.11483 0.11423 0.11512 0.115405 0.11373 0.112775 0.115515 0.11454
2.18 0.114935 0.112105 0.11492 0.11484 0.11313 0.114045 0.113825 0.113365
2.19 0.115775 0.113065 0.114045 0.114215 0.11301 0.11537 0.11391 0.113095
2.2 0.114945 0.11328 0.11267 0.113655 0.11212 0.11379 0.113915 0.112945
2.21 0.11493 0.112625 0.113915 0.11375 0.113675 0.1133 0.115015 0.11353
2.22 0.114925 0.11354 0.11353 0.11409 0.113645 0.113805 0.11457 0.11333
2.23 0.113525 0.11358 0.112875 0.11351 0.11266 0.113555 0.113665 0.112705
2.24 0.11451 0.114865 0.113375 0.1133 0.111265 0.113625 0.114375 0.111435
2.25 0.114765 0.112125 0.11334 0.11302 0.112855 0.111795 0.113955 0.11306
2.26 0.113585 0.11305 0.11419 0.114415 0.111945 0.11335 0.11478 0.113275
2.27 0.11211 0.11147 0.113195 0.113905 0.111605 0.11338 0.112765 0.113095
2.28 0.11268 0.11215 0.11238 0.11233 0.11256 0.11212 0.112265 0.11165
2.29 0.11358 0.11356 0.112515 0.113325 0.11284 0.111985 0.113145 0.11232
2.3 0.112895 0.111115 0.113175 0.113155 0.111505 0.113655 0.11248 0.111515
2.31 0.11316 0.11197 0.11246 0.113385 0.11285 0.11221 0.111955 0.111745
2.32 0.11209 0.111205 0.112475 0.112425 0.110945 0.11324 0.113035 0.112135
2.33 0.11293 0.111515 0.11176 0.11098 0.11163 0.11408 0.11183 0.110975
2.34 0.11356 0.112435 0.11285 0.112605 0.11043 0.111125 0.112475 0.111085
2.35 0.11212 0.11025 0.11212 0.11288 0.109965 0.11194 0.113015 0.11074
2.36 0.113355 0.11149 0.11136 0.11279 0.11113 0.11063 0.1136 0.110615
2.37 0.113195 0.111815 0.11115 0.1138 0.11136 0.11174 0.11176 0.11211
2.38 0.112985 0.10922 0.11006 0.111775 0.11229 0.110575 0.110685 0.110985
2.39 0.11236 0.11102 0.11188 0.11054 0.11029 0.112335 0.11131 0.110755
2.4 0.112875 0.110215 0.111435 0.11014 0.109555 0.11133 0.11148 0.11035
2.41 0.111705 0.11131 0.110665 0.11144 0.11083 0.11157 0.11131 0.1094
2.42 0.111515 0.108845 0.110465 0.110425 0.10977 0.11066 0.110515 0.10985
2.43 0.111945 0.109825 0.110865 0.110935 0.109215 0.109725 0.11219 0.109525
2.44 0.110335 0.11079 0.109475 0.109645 0.10839 0.110735 0.112075 0.10997
2.45 0.11102 0.11055 0.11075 0.109725 0.10868 0.11107 0.11071 0.110415
2.46 0.11148 0.110325 0.10825 0.110475 0.10906 0.11152 0.111415 0.10932
2.47 0.11035 0.109585 0.10935 0.11028 0.10997 0.11165 0.110605 0.10818
2.48 0.111175 0.11028 0.108765 0.110145 0.108695 0.10971 0.110515 0.107415
2.49 0.109745 0.107985 0.109235 0.109285 0.10919 0.11075 0.11131 0.110505
2.5 0.11047 0.109135 0.10978 0.10903 0.10888 0.1095 0.111285 0.10714
2.51 0.10916 0.10789 0.1083 0.111365 0.108765 0.108975 0.109165 0.107325
2.52 0.1103 0.108725 0.108065 0.11017 0.108765 0.11033 0.112615 0.10715
2.53 0.10966 0.10853 0.108895 0.10895 0.107035 0.110285 0.110505 0.109005
2.54 0.11064 0.109825 0.10869 0.10999 0.108965 0.109595 0.10878 0.10767
2.55 0.110215 0.107985 0.10766 0.109495 0.10756 0.10862 0.109965 0.10775
2.56 0.109295 0.10808 0.10799 0.108825 0.106425 0.108625 0.10956 0.106955
2.57 0.109815 0.107905 0.10662 0.10846 0.10819 0.109435 0.109025 0.106905
2.58 0.109345 0.107715 0.106905 0.107805 0.10728 0.109255 0.10996 0.107445
2.59 0.108155 0.107155 0.10614 0.107355 0.1074 0.10787 0.108655 0.10707
2.6 0.10833 0.107165 0.10801 0.107115 0.108305 0.108585 0.109775 0.10729
2.61 0.108585 0.107415 0.108985 0.107135 0.106915 0.107715 0.108245 0.106905
2.62 0.107485 0.106385 0.105485 0.10774 0.10766 0.108295 0.10967 0.106715
2.63 0.10875 0.10843 0.107925 0.10704 0.106685 0.108605 0.10888 0.106615
2.64 0.10785 0.10636 0.10625 0.10631 0.108065 0.107635 0.108145 0.105705
2.65 0.106865 0.10653 0.106635 0.10788 0.10652 0.10814 0.107485 0.107675
2.66 0.106895 0.107425 0.107245 0.106745 0.106545 0.10752 0.10751 0.10592
2.67 0.10671 0.10561 0.106105 0.106305 0.107585 0.1072 0.108375 0.106245
2.68 0.10795 0.10695 0.104665 0.10491 0.107125 0.1078 0.1076 0.1052
2.69 0.10798 0.10478 0.10506 0.10639 0.106275 0.10689 0.10713 0.10539
2.7 0.10821 0.10454 0.105305 0.107235 0.10585 0.107035 0.10581 0.10494
2.71 0.105955 0.10626 0.105645 0.10648 0.104095 0.10735 0.107635 0.10566
2.72 0.105735 0.10531 0.10533 0.10587 0.104535 0.105555 0.107245 0.10441
2.73 0.105795 0.106695 0.10423 0.10506 0.10559 0.105145 0.105915 0.10399
2.74 0.10614 0.104435 0.10451 0.10601 0.105805 0.10484 0.106425 0.10449
2.75 0.10505 0.105265 0.105295 0.10469 0.10528 0.1067 0.107075 0.103735
2.76 0.104655 0.105495 0.10474 0.104465 0.10415 0.106035 0.106395 0.10462
2.77 0.104785 0.104275 0.10419 0.104205 0.10393 0.10595 0.10646 0.10211
2.78 0.10685 0.10506 0.102785 0.105485 0.10512 0.103945 0.106655 0.104245
2.79 0.1059 0.10342 0.103065 0.103845 0.103055 0.10553 0.10571 0.103965
2.8 0.10576 0.105565 0.10436 0.103775 0.10288 0.10608 0.105325 0.103715
2.81 0.104975 0.10541 0.103665 0.10408 0.104745 0.105 0.104705 0.102375
2.82 0.10373 0.104415 0.100985 0.104525 0.103585 0.105255 0.10415 0.102665
2.83 0.105215 0.104105 0.103665 0.10206 0.10359 0.104175 0.10574 0.10319
2.84 0.103805 0.102285 0.104415 0.102515 0.10248 0.102575 0.104605 0.10186
2.85 0.1041 0.103595 0.10324 0.10283 0.10293 0.10543 0.10435 0.10339
2.86 0.103245 0.102655 0.103295 0.105045 0.10222 0.10214 0.10544 0.102265
2.87 0.103315 0.103915 0.101415 0.102765 0.10249 0.10223 0.103135 0.103475
2.88 0.10308 0.10297 0.101765 0.10198 0.102205 0.103285 0.10417 0.104165
2.89 0.102495 0.10233 0.1027 0.10258 0.101615 0.10484 0.1037 0.101935
2.9 0.10294 0.103 0.10116 0.101755 0.10186 0.102545 0.104245 0.100825
2.91 0.102915 0.102155 0.10189 0.103675 0.10076 0.10291 0.10478 0.100985
2.92 0.102815 0.103165 0.10091 0.102245 0.101135 0.10336 0.10295 0.100475
2.93 0.10238 0.10188 0.10171 0.102195 0.100985 0.10214 0.10242 0.10178
2.94 0.101915 0.100945 0.10224 0.100945 0.10314 0.10242 0.103225 0.100555
2.95 0.10237 0.10099 0.10114 0.1022 0.101025 0.102165 0.10259 0.099615
2.96 0.102775 0.1021 0.100935 0.1012 0.100265 0.10082 0.10189 0.101265
2.97 0.102045 0.100115 0.102005 0.10128 0.100315 0.10125 0.101405 0.100385
2.98 0.100865 0.10068 0.100545 0.100685 0.098705 0.102015 0.101105 0.099705
2.99 0.100865 0.101525 0.100575 0.100275 0.10104 0.101555 0.10172 0.099695
3 0.10089 0.101255 0.101075 0.100275 0.10004 0.100855 0.10067 0.09929
3.01 0.100835 0.100105 0.099425 0.10012 0.099935 0.1007 0.1009 0.09907
3.02 0.101035 0.101035 0.100345 0.1009 0.100855 0.100765 0.101535 0.09824
3.03 0.099445 0.10048 0.099345 0.1005 0.10017 0.101745 0.10255 0.099175
3.04 0.10062 0.10004 0.09913 0.09984 0.099165 0.09985 0.101295 0.09855
3.05 0.09939 0.099455 0.098695 0.09872 0.098395 0.099125 0.102235 0.09867
3.06 0.100165 0.098695 0.09912 0.09903 0.09774 0.099325 0.100255 0.09751
3.07 0.101105 0.099495 0.097595 0.099455 0.098655 0.100475 0.099955 0.09791
3.08 0.09883 0.10004 0.098 0.09835 0.098655 0.100365 0.09954 0.098325
3.09 0.09855 0.098735 0.097425 0.098525 0.097545 0.099585 0.10002 0.09867
3.1 0.09864 0.098725 0.09873 0.098745 0.09899 0.09971 0.10075 0.09745
3.11 0.098315 0.09756 0.09866 0.098915 0.09751 0.098135 0.09971 0.096965
3.12 0.098705 0.097255 0.09792 0.0979 0.097155 0.099365 0.09903 0.09778
3.13 0.09807 0.09843 0.098025 0.09835 0.097805 0.09949 0.09817 0.09709
3.14 0.09732 0.09727 0.09859 0.097915 0.096565 0.09921 0.09883 0.09663
3.15 0.09758 0.097245 0.097885 0.097635 0.097925 0.09785 0.09856 0.096775
3.16 0.09924 0.09757 0.096935 0.09783 0.096755 0.098365 0.098075 0.09649
3.17 0.097505 0.09677 0.096695 0.09701 0.09646 0.098185 0.09847 0.09677
3.18 0.09761 0.097385 0.095795 0.09747 0.095825 0.097005 0.097795 0.09596
3.19 0.096735 0.097975 0.09599 0.096455 0.095965 0.0973 0.098585 0.095425
3.2 0.095975 0.09617 0.0973 0.09599 0.096045 0.096675 0.097555 0.094965
3.21 0.097395 0.0963 0.096395 0.095505 0.09716 0.097385 0.09669 0.094755
3.22 0.09532 0.09698 0.09695 0.095375 0.09559 0.09632 0.09749 0.09426
3.23 0.0953 0.095595 0.09643 0.095985 0.09488 0.09728 0.09761 0.095075
3.24 0.09557 0.09558 0.095325 0.094915 0.09489 0.09705 0.096035 0.09374
3.25 0.095565 0.095155 0.095995 0.09526 0.09529 0.09608 0.096235 0.09422
3.26 0.09508 0.095545 0.095195 0.096505 0.094465 0.095515 0.09542 0.0934
3.27 0.094455 0.095285 0.094745 0.09669 0.09354 0.095035 0.095345 0.09349
3.28 0.094825 0.0942 0.094685 0.094835 0.094585 0.095515 0.094505 0.09431
3.29 0.093795 0.09496 0.094075 0.09316 0.094175 0.09412 0.09518 0.09335
3.3 0.0945 0.09356 0.09434 0.09503 0.09293 0.09479 0.09374 0.093195
3.31 0.094985 0.093705 0.093285 0.09389 0.094625 0.09536 0.095045 0.092275
3.32 0.09391 0.09394 0.09387 0.09549 0.094 0.09491 0.093825 0.092775
3.33 0.09339 0.09391 0.09395 0.093165 0.092735 0.094515 0.09437 0.0921
3.34 0.09328 0.093295 0.09311 0.09411 0.09309 0.09487 0.094195 0.091585
3.35 0.092405 0.09416 0.091865 0.093985 0.0926 0.0934 0.094185 0.092825
3.36 0.093475 0.094 0.09274 0.09256 0.092785 0.09286 0.09359 0.09254
3.37 0.09238 0.092685 0.091935 0.09349 0.091135 0.09218 0.092805 0.092575
3.38 0.09412 0.091385 0.09115 0.092185 0.09203 0.092 0.09347 0.092505
3.39 0.09368 0.091295 0.09261 0.09301 0.09179 0.093405 0.09321 0.091755
3.4 0.09256 0.09191 0.092505 0.09193 0.092525 0.09251 0.093275 0.09117
3.41 0.09195 0.092545 0.09304 0.090655 0.09221 0.093035 0.09225 0.090735
3.42 0.09106 0.09186 0.090925 0.09142 0.091965 0.092205 0.09274 0.091095
3.43 0.090265 0.09014 0.089675 0.09225 0.091325 0.091855 0.09157 0.091145
3.44 0.09205 0.0917 0.091965 0.090685 0.08973 0.09124 0.09229 0.090895
3.45 0.0918 0.090035 0.090545 0.0924 0.090855 0.090815 0.09192 0.089285
3.46 0.08905 0.090745 0.09145 0.092175 0.09094 0.090985 0.0914 0.08904
3.47 0.090375 0.089905 0.09038 0.09034 0.090505 0.09132 0.090945 0.089075
3.48 0.089785 0.090025 0.08969 0.090015 0.089675 0.089955 0.090285 0.088435
3.49 0.089365 0.089805 0.090525 0.090505 0.088905 0.089975 0.091375 0.089255
3.5 0.089365 0.089955 0.08985 0.08937 0.088975 0.089845 0.09029 0.088645
3.51 0.089355 0.08837 0.088305 0.08981 0.08912 0.090125 0.089295 0.089355
3.52 0.08968 0.088655 0.08825 0.08829 0.0892 0.0906 0.089205 0.088135
3.53 0.087955 0.08849 0.088575 0.088795 0.08932 0.089275 0.089815 0.088875
3.54 0.08804 0.088505 0.088315 0.08842 0.08836 0.089705 0.088505 0.08787
3.55 0.08828 0.088555 0.089465 0.089765 0.08841 0.08853 0.088605 0.08837
3.56 0.089295 0.08817 0.08784 0.08959 0.08788 0.088185 0.087975 0.08743
3.57 0.087635 0.08836 0.086505 0.08709 0.086205 0.08773 0.088345 0.08707
3.58 0.08718 0.08672 0.086455 0.087965 0.08772 0.088805 0.08824 0.08663
3.59 0.086485 0.08591 0.086865 0.087745 0.087245 0.08695 0.0872 0.088035
3.6 0.086805 0.086575 0.08701 0.087755 0.08759 0.08766 0.086395 0.086705
3.61 0.08692 0.08647 0.086975 0.08716 0.085255 0.088605 0.086545 0.085885
3.62 0.08601 0.08552 0.086795 0.085655 0.086755 0.087375 0.08754 0.08622
3.63 0.08638 0.08643 0.087415 0.086615 0.085335 0.08645 0.08703 0.086675
3.64 0.085925 0.086955 0.08729 0.08633 0.0864 0.08846 0.08641 0.08564
3.65 0.085715 0.08555 0.085075 0.0861 0.085075 0.08656 0.085515 0.08487
3.66 0.0857 0.08637 0.08541 0.086285 0.0856 0.085945 0.08635 0.085625
3.67 0.085185 0.08537 0.084875 0.086075 0.08468 0.08488 0.085235 0.085245
3.68 0.085775 0.08388 0.08489 0.08562 0.08662 0.08638 0.08544 0.08506
3.69 0.08373 0.085085 0.08477 0.084825 0.08481 0.08496 0.08442 0.084745
3.7 0.08395 0.08411 0.084245 0.085765 0.084365 0.08513 0.085075 0.08376
3.71 0.084855 0.083905 0.08412 0.084735 0.084175 0.084725 0.08496 0.08394
3.72 0.08315 0.08295 0.08471 0.08461 0.0832 0.084555 0.08338 0.08319
3.73 0.083465 0.08315 0.082905 0.0828 0.08358 0.083545 0.08357 0.081625
3.74 0.0834 0.08271 0.08285 0.083805 0.082815 0.082675 0.08338 0.083075
3.75 0.083095 0.08377 0.082955 0.083585 0.08283 0.084575 0.083415 0.082935
3.76 0.08308 0.082555 0.083415 0.082465 0.083395 0.08346 0.083115 0.08269
3.77 0.08169 0.08093 0.08118 0.08238 0.08238 0.083405 0.08331 0.082585
3.78 0.081815 0.081105 0.082015 0.08218 0.083625 0.082455 0.08149 0.081515
3.79 0.082155 0.08176 0.081765 0.081635 0.08127 0.081945 0.083085 0.08118
3.8 0.081125 0.08041 0.08132 0.08319 0.081385 0.08107 0.08019 0.080795
3.81 0.08002 0.081025 0.07961 0.081765 0.08183 0.081575 0.080765 0.08036
3.82 0.07972 0.08059 0.079885 0.08073 0.080805 0.081535 0.0805 0.080255
3.83 0.081085 0.08036 0.079355 0.0804 0.080945 0.08095 0.08097 0.0794
3.84 0.0789 0.078965 0.08121 0.080745 0.08053 0.082345 0.07993 0.080155
3.85 0.079975 0.080485 0.07976 0.081045 0.07981 0.08062 0.080665 0.078855
3.86 0.07976 0.07876 0.08021 0.079595 0.080095 0.08086 0.079385 0.07985
3.87 0.0786 0.079515 0.079475 0.079155 0.07987 0.080565 0.080725 0.079835
3.88 0.07765 0.078655 0.078445 0.080665 0.0785 0.07993 0.07972 0.078365
3.89 0.078925 0.07931 0.078475 0.079825 0.078075 0.079625 0.078875 0.07827
3.9 0.07827 0.078625 0.0772 0.07952 0.07843 0.0789 0.078365 0.079195
3.91 0.078445 0.0778 0.07793 0.07798 0.077495 0.078395 0.078095 0.07805
3.92 0.077595 0.078465 0.07908 0.07755 0.076995 0.07853 0.07853 0.07844
3.93 0.078305 0.07715 0.07649 0.078215 0.07655 0.07826 0.07741 0.076705
3.94 0.07621 0.07592 0.07529 0.077445 0.07716 0.07761 0.078265 0.076635
3.95 0.076505 0.07665 0.077565 0.077095 0.076815 0.07714 0.076085 0.07736
3.96 0.07632 0.07601 0.07633 0.076185 0.07694 0.07673 0.077825 0.07609
3.97 0.075935 0.075475 0.077405 0.076345 0.07602 0.07549 0.07645 0.07675
3.98 0.07619 0.07661 0.074815 0.07662 0.075755 0.076895 0.076885 0.07597
3.99 0.07612 0.075525 0.07524 0.07596 0.075795 0.075345 0.07578 0.07535
4 0.07564 0.07405 0.07608 0.07473 0.075425 0.07528 0.07568 0.074855
4.01 0.07507 0.074515 0.07431 0.07486 0.075335 0.07566 0.07544 0.075795
4.02 0.07453 0.07384 0.075205 0.07488 0.07641 0.07473 0.075145 0.07476
4.03 0.07394 0.07392 0.073375 0.07432 0.07378 0.07464 0.074065 0.07437
4.04 0.073525 0.07303 0.073655 0.0737 0.073155 0.074595 0.075385 0.073165
4.05 0.07376 0.07367 0.073405 0.074295 0.07317 0.07366 0.07403 0.074505
4.06 0.07346 0.073075 0.073125 0.073575 0.0736 0.07509 0.073765 0.073375
4.07 0.074035 0.072245 0.07238 0.07304 0.072525 0.07383 0.0729 0.07299
4.08 0.071765 0.071925 0.07136 0.07312 0.072625 0.07303 0.07301 0.072865
4.09 0.07213 0.07095 0.07254 0.07191 0.07246 0.072095 0.073665 0.071665
4.1 0.07123 0.07141 0.07104 0.07104 0.07261 0.071335 0.07213 0.071485
4.11 0.07082 0.07114 0.071435 0.07175 0.07211 0.07137 0.07314 0.071015
4.12 0.070895 0.070625 0.07098 0.070635 0.071035 0.07172 0.0715 0.071745
4.13 0.071055 0.069325 0.070785 0.070325 0.07133 0.07244 0.070645 0.07024
4.14 0.070145 0.06992 0.06987 0.07093 0.070335 0.070335 0.071065 0.070525
4.15 0.070595 0.06837 0.069905 0.07056 0.06992 0.069915 0.070465 0.0699
4.16 0.06835 0.068845 0.069275 0.06915 0.069535 0.06952 0.070115 0.068775
4.17 0.06809 0.069025 0.068395 0.06938 0.070025 0.069455 0.07075 0.07012
4.18 0.069565 0.067935 0.06816 0.06966 0.06946 0.06963 0.070175 0.0695
4.19 0.067995 0.06779 0.06757 0.070045 0.06858 0.069315 0.06941 0.06994
4.2 0.06781 0.067435 0.06724 0.06818 0.067915 0.06824 0.06962 0.06873
4.21 0.0678 0.06697 0.067815 0.0663 0.067405 0.067935 0.06896 0.067785
4.22 0.06753 0.06655 0.066915 0.067965 0.067985 0.06849 0.067475 0.067325
4.23 0.066495 0.065985 0.0664 0.066675 0.06753 0.06757 0.06851 0.067925
4.24 0.066925 0.067075 0.066645 0.066945 0.06572 0.066465 0.067395 0.067
4.25 0.064985 0.0655 0.064675 0.066035 0.06589 0.065085 0.065845 0.06576
4.26 0.06535 0.06543 0.065895 0.065695 0.06639 0.065555 0.065705 0.06567
4.27 0.064685 0.064155 0.065 0.06481 0.06582 0.06464 0.06621 0.065095
4.28 0.064985 0.063905 0.064055 0.06475 0.06576 0.06557 0.06541 0.063865
4.29 0.06343 0.06378 0.063795 0.06355 0.06445 0.063685 0.065305 0.065505
4.3 0.063805 0.06312 0.062335 0.063695 0.064685 0.06403 0.064875 0.063235
4.31 0.06241 0.06211 0.063585 0.064225 0.064115 0.06331 0.065115 0.062755
4.32 0.062625 0.06179 0.062745 0.06336 0.062865 0.06313 0.062595 0.06318
4.33 0.063195 0.06144 0.06286 0.062915 0.064045 0.063505 0.063195 0.063145
4.34 0.06133 0.060915 0.06279 0.06262 0.06242 0.06212 0.06235 0.062465
4.35 0.06178 0.06096 0.062025 0.061775 0.06199 0.06118 0.063075 0.061305
4.36 0.061505 0.059985 0.061325 0.06187 0.061845 0.062155 0.061965 0.062215
4.37 0.061615 0.060335 0.06139 0.06144 0.06148 0.060605 0.06173 0.061425
4.38 0.05997 0.0596 0.06088 0.06038 0.061305 0.061285 0.062055 0.06049
4.39 0.059225 0.059665 0.05958 0.060465 0.06048 0.06003 0.06053 0.060575
4.4 0.059625 0.059105 0.05867 0.05999 0.05941 0.060095 0.059935 0.059535
4.41 0.05847 0.05875 0.058665 0.059695 0.058695 0.05945 0.06033 0.059575
4.42 0.058285 0.057315 0.05875 0.05968 0.058675 0.059125 0.060015 0.05858
4.43 0.058095 0.05725 0.05801 0.05731 0.058535 0.05842 0.05795 0.059205
4.44 0.05752 0.057745 0.05721 0.058515 0.05697 0.056815 0.05916 0.05805
4.45 0.056915 0.056615 0.05667 0.05742 0.057495 0.057925 0.05816 0.057265
4.46 0.056725 0.056135 0.056345 0.056425 0.05665 0.05678 0.05762 0.05625
4.47 0.05614 0.05591 0.05558 0.056355 0.055995 0.05603 0.056195 0.05665
4.48 0.055645 0.05465 0.05603 0.056085 0.05571 0.05627 0.05696 0.05573
4.49 0.05473 0.054295 0.054675 0.054625 0.05515 0.054425 0.055475 0.05608
4.5 0.05471 0.054565 0.054285 0.054265 0.0546 0.055995 0.055335 0.055355
4.51 0.05351 0.05283 0.05447 0.05468 0.053625 0.053555 0.054905 0.053835
4.52 0.05379 0.05246 0.05314 0.0537 0.05423 0.05393 0.053515 0.053905
4.53 0.051745 0.05196 0.05217 0.0534 0.053995 0.0528 0.05311 0.05315
4.54 0.05213 0.05069 0.053215 0.05295 0.052595 0.05215 0.053665 0.053035
4.55 0.05175 0.050395 0.051885 0.051605 0.051215 0.05294 0.05324 0.053495
4.56 0.050965 0.050405 0.051755 0.05133 0.051315 0.051995 0.0519 0.05172
4.57 0.05169 0.05064 0.050385 0.0508 0.050985 0.051055 0.05136 0.05146
4.58 0.04922 0.049065 0.050635 0.05062 0.05032 0.05108 0.051475 0.052045
4.59 0.04995 0.04907 0.04924 0.04909 0.049785 0.050785 0.049865 0.05058
4.6 0.048215 0.047575 0.049155 0.04868 0.048455 0.049245 0.049745 0.04962
4.61 0.048365 0.047085 0.04821 0.048945 0.04878 0.04844 0.050685 0.048615
4.62 0.045995 0.04619 0.04773 0.048445 0.048145 0.048675 0.049025 0.047075
4.63 0.04642 0.04722 0.046585 0.047555 0.04645 0.04714 0.04854 0.048045
4.64 0.045685 0.046115 0.046275 0.045965 0.04706 0.046555 0.04771 0.047205
4.65 0.0448 0.044825 0.04634 0.04599 0.04568 0.046665 0.046025 0.046725
4.66 0.044525 0.04456 0.04501 0.04578 0.0455 0.045625 0.04629 0.04603
4.67 0.04394 0.04321 0.04503 0.044475 0.04417 0.044235 0.04569 0.045065
4.68 0.042925 0.04258 0.043995 0.04374 0.04344 0.04454 0.0446 0.04409
4.69 0.042485 0.04277 0.04305 0.044175 0.04309 0.043675 0.04453 0.0432
4.7 0.04216 0.0425 0.042225 0.043365 0.0419 0.04214 0.043125 0.04376
4.71 0.040815 0.040875 0.04198 0.04154 0.04156 0.041465 0.04247 0.04121
4.72 0.04018 0.040515 0.040995 0.04138 0.04107 0.04164 0.042265 0.0416
4.73 0.039675 0.040255 0.04039 0.040565 0.040285 0.04065 0.04093 0.04106
4.74 0.039455 0.038275 0.04 0.03975 0.038915 0.03911 0.039845 0.0406
4.75 0.038 0.038395 0.03874 0.03866 0.03905 0.039625 0.03849 0.03918
4.76 0.037885 0.03727 0.0376 0.03773 0.038385 0.038205 0.03825 0.038015
4.77 0.03601 0.037015 0.035995 0.0378 0.036985 0.03711 0.03754 0.037095
4.78 0.0354 0.03502 0.035705 0.036715 0.036285 0.036315 0.03769 0.03692
4.79 0.03469 0.034655 0.035235 0.035415 0.03533 0.034995 0.035555 0.0356
4.8 0.03302 0.033585 0.034565 0.034535 0.034615 0.034225 0.03524 0.034865
4.81 0.0331 0.03322 0.03358 0.033885 0.03366 0.03338 0.03408 0.03411
4.82 0.03087 0.032025 0.032045 0.03333 0.03269 0.03312 0.03333 0.032865
4.83 0.03094 0.03041 0.03142 0.032405 0.0314 0.03192 0.032255 0.0317
4.84 0.029025 0.02916 0.030895 0.03142 0.03103 0.0318 0.03119 0.030885
4.85 0.02864 0.028705 0.02939 0.029235 0.02876 0.02999 0.03009 0.029575
4.86 0.027445 0.027605 0.028275 0.028725 0.028375 0.028355 0.02921 0.02842
4.87 0.026355 0.026445 0.026615 0.02767 0.026775 0.027385 0.02795 0.02791
4.88 0.02511 0.02549 0.02648 0.025655 0.026665 0.026665 0.02636 0.025735
4.89 0.024865 0.024065 0.024715 0.02511 0.024745 0.024875 0.02529 0.02474
4.9 0.02314 0.02281 0.023585 0.02357 0.02343 0.023515 0.024345 0.02466
4.91 0.0216 0.02143 0.021985 0.022365 0.022585 0.021875 0.02274 0.02297
4.92 0.020435 0.02065 0.0212 0.020515 0.02032 0.020525 0.021105 0.020865
4.93 0.018785 0.01874 0.01922 0.01917 0.019355 0.019675 0.019905 0.019645
4.94 0.017345 0.017325 0.017575 0.01808 0.01778 0.01745 0.01838 0.01804
4.95 0.015925 0.015465 0.016165 0.01584 0.016205 0.01581 0.016465 0.01615
4.96 0.013265 0.01401 0.01393 0.013615 0.013915 0.013845 0.01458 0.013925
4.97 0.011285 0.01165 0.01155 0.01193 0.011595 0.011995 0.01183 0.01189
4.98 0.0086 0.0092 0.009325 0.009025 0.008975 0.008865 0.009285 0.00926
4.99 0.004575 0.0048 0.00535 0.00542 0.004825 0.005065 0.00532 0.004855
5 0 0 0 0 0 0 0 0
5.01 0 0 0 0 0 0 0 0
5.02 0 0 0 0 0 0 0 0
5.03 0 0 0 0 0 0 0 0
5.04 0 0 0 0 0 0 0 0
5.05 0 0 0 0 0 0 0 0
5.06 0 0 0 0 0 0 0 0
5.07 0 0 0 0 0 0 0 0
5.08 0 0 0 0 0 0 0 0
5.09 0 0 0 0 0 0 0 0
5.1 0 0 0 0 0 0 0 0
5.11 0 0 0 0 0 0 0 0
5.12 0 0 0 0 0 0 0 0
5.13 0 0 0 0 0 0 0 0
5.14 0 0 0 0 0 0 0 0
5.15 0 0 0 0 0 0 0 0
5.16 0 0 0 0 0 0 0 0
5.17 0 0 0 0 0 0 0 0
5.18 0 0 0 0 0 0 0 0
5.19 0 0 0 0 0 0 0 0
5.2 0 0 0 0 0 0 0 0
5.21 0 0 0 0 0 0 0 0
5.22 0 0 0 0 0 0 0 0
5.23 0 0 0 0 0 0 0 0
5.24 0 0 0 0 0 0 0 0
5.25 0 0 0 0 0 0 0 0
5.26 0 0 0 0 0 0 0 0
5.27 0 0 0 0 0 0 0 0
5.28 0 0 0 0 0 0 0 0
5.29 0 0 0 0 0 0 0 0
5.3 0 0 0 0 0 0 0 0
5.31 0 0 0 0 0 0 0 0
5.32 0 0 0 0 0 0 0 0
5.33 0 0 0 0 0 0 0 0
5.34 0 0 0 0 0 0 0 0
5.35 0 0 0 0 0 0 0 0
5.36 0 0 0 0 0 0 0 0
5.37 0 0 0 0 0 0 0 0
5.38 0 0 0 0 0 0 0 0
5.39 0 0 0 0 0 0 0 0
5.4 0 0 0 0 0 0 0 0
5.41 0 0 0 0 0 0 0 0
5.42 0 0 0 0 0 0 0 0
5.43 0 0 0 0 0 0 0 0
5.44 0 0 0 0 0 0 0 0
5.45 0 0 0 0 0 0 0 0
5.46 0 0 0 0 0 0 0 0
5.47 0 0 0 0 0 0 0 0
5.48 0 0 0 0 0 0 0 0
5.49 0 0 0 0 0 0 0 0
5.5 0 0 0 0 0 0 0 0
5.51 0 0 0 0 0 0 0 0
5.52 0 0 0 0 0 0 0 0
5.53 0 0 0 0 0 0 0 0
5.54 0 0 0 0 0 0 0 0
5.55 0 0 0 0 0 0 0 0
5.56 0 0 0 0 0 0 0 0
5.57 0 0 0 0 0 0 0 0
5.58 0 0 0 0 0 0 0 0
5.59 0 0 0 0 0 0 0 0
5.6 0 0 0 0 0 0 0 0
5.61 0 0 0 0 0 0 0 0
5.62 0 0 0 0 0 0 0 0
5.63 0 0 0 0 0 0 0 0
5.64 0 0 0 0 0 0 0 0
5.65 0 0 0 0 0 0 0 0
5.66 0 0 0 0 0 0 0 0
5.67 0 0 0 0 0 0 0 0
5.68 0 0 0 0 0 0 0 0
5.69 0 0 0 0 0 0 0 0
5.7 0 0 0 0 0 0 0 0
5.71 0 0 0 0 0 0 0 0
5.72 0 0 0 0 0 0 0 0
5.73 0 0 0 0 0 0 0 0
5.74 0 0 0 0 0 0 0 0
5.75 0 0 0 0 0 0 0 0
5.76 0 0 0 0 0 0 0 0
5.77 0 0 0 0 0 0 0 0
5.78 0 0 0 0 0 0 0 0
5.79 0 0 0 0 0 0 0 0
5.8 0 0 0 0 0 0 0 0
5.81 0 0 0 0 0 0 0 0
5.82 0 0 0 0 0 0 0 0
5.83 0 0 0 0 0 0 0 0
5.84 0 0 0 0 0 0 0 0
5.85 0 0 0 0 0 0 0 0
5.86 0 0 0 0 0 0 0 0
5.87 0 0 0 0 0 0 0 0
5.88 0 0 0 0 0 0 0 0
5.89 0 0 0 0 0 0 0 0
5.9 0 0 0 0 0 0 0 0
5.91 0 0 0 0 0 0 0 0
5.92 0 0 0 0 0 0 0 0
5.93 0 0 0 0 0 0 0 0
5.94 0 0 0 0 0 0 0 0
5.95 0 0 0 0 0 0 0 0
5.96 0 0 0 0 0 0 0 0
5.97 0 0 0 0 0 0 0 0
5.98 0 0 0 0 0 0 0 0
5.99 0 0 0 0 0 0 0 0
6 0 0 0 0 0 0 0 0
6.01 0 0 0 0 0 0 0 0
6.02 0 0 0 0 0 0 0 0
6.03 0 0 0 0 0 0 0 0
6.04 0 0 0 0 0 0 0 0
6.05 0 0 0 0 0 0 0 0
6.06 0 0 0 0 0 0 0 0
6.07 0 0 0 0 0 0 0 0
6.08 0 0 0 0 0 0 0 0
6.09 0 0 0 0 0 0 0 0
6.1 0 0 0 0 0 0 0 0
6.11 0 0 0 0 0 0 0 0
6.12 0 0 0 0 0 0 0 0
6.13 0 0 0 0 0 0 0 0
6.14 0 0 0 0 0 0 0 0
6.15 0 0 0 0 0 0 0 0
6.16 0 0 0 0 0 0 0 0
6.17 0 0 0 0 0 0 0 0
6.18 0 0 0 0 0 0 0 0
6.19 0 0 0 0 0 0 0 0
6.2 0 0 0 0 0 0 0 0
6.21 0 0 0 0 0 0 0 0
6.22 0 0 0 0 0 0 0 0
6.23 0 0 0 0 0 0 0 0
6.24 0 0 0 0 0 0 0 0
6.25 0 0 0 0 0 0 0 0
6.26 0 0 0 0 0 0 0 0
6.27 0 0 0 0 0 0 0 0
6.28 0 0 0 0 0 0 0 0
6.29 0 0 0 0 0 0 0 0
6.3 0 0 0 0 0 0 0 0
6.31 0 0 0 0 0 0 0 0
6.32 0 0 0 0 0 0 0 0
6.33 0 0 0 0 0 0 0 0
6.34 0 0 0 0 0 0 0 0
6.35 0 0 0 0 0 0 0 0
6.36 0 0 0 0 0 0 0 0
6.37 0 0 0 0 0 0 0 0
6.38 0 0 0 0 0 0 0 0
6.39 0 0 0 0 0 0 0 0
6.4 0 0 0 0 0 0 0 0
6.41 0 0 0 0 0 0 0 0
6.42 0 0 0 0 0 0 0 0
6.43 0 0 0 0 0 0 0 0
6.44 0 0 0 0 0 0 0 0
6.45 0 0 0 0 0 0 0 0
6.46 0 0 0 0 0 0 0 0
6.47 0 0 0 0 0 0 0 0
6.48 0 0 0 0 0 0 0 0
6.49 0 0 0 0 0 0 0 0
6.5 0 0 0 0 0 0 0 0
6.51 0 0 0 0 0 0 0 0
6.52 0 0 0 0 0 0 0 0
6.53 0 0 0 0 0 0 0 0
6.54 0 0 0 0 0 0 0 0
6.55 0 0 0 0 0 0 0 0
6.56 0 0 0 0 0 0 0 0
6.57 0 0 0 0 0 0 0 0
6.58 0 0 0 0 0 0 0 0
6.59 0 0 0 0 0 0 0 0
6.6 0 0 0 0 0 0 0 0
6.61 0 0 0 0 0 0 0 0
6.62 0 0 0 0 0 0 0 0
6.63 0 0 0 0 0 0 0 0
6.64 0 0 0 0 0 0 0 0
6.65 0 0 0 0 0 0 0 0
6.66 0 0 0 0 0 0 0 0
6.67 0 0 0 0 0 0 0 0
6.68 0 0 0 0 0 0 0 0
6.69 0 0 0 0 0 0 0 0
6.7 0 0 0 0 0 0 0 0
6.71 0 0 0 0 0 0 0 0
6.72 0 0 0 0 0 0 0 0
6.73 0 0 0 0 0 0 0 0
6.74 0 0 0 0 0 0 0 0
6.75 0 0 0 0 0 0 0 0
6.76 0 0 0 0 0 0 0 0
6.77 0 0 0 0 0 0 0 0
6.78 0 0 0 0 0 0 0 0
6.79 0 0 0 0 0 0 0 0
6.8 0 0 0 0 0 0 0 0
6.81 0 0 0 0 0 0 0 0
6.82 0 0 0 0 0 0 0 0
6.83 0 0 0 0 0 0 0 0
6.84 0 0 0 0 0 0 0 0
6.85 0 0 0 0 0 0 0 0
6.86 0 0 0 0 0 0 0 0
6.87 0 0 0 0 0 0 0 0
6.88 0 0 0 0 0 0 0 0
6.89 0 0 0 0 0 0 0 0
6.9 0 0 0 0 0 0 0 0
6.91 0 0 0 0 0 0 0 0
6.92 0 0 0 0 0 0 0 0
6.93 0 0 0 0 0 0 0 0
6.94 0 0 0 0 0 0 0 0
6.95 0 0 0 0 0 0 0 0
6.96 0 0 0 0 0 0 0 0
6.97 0 0 0 0 0 0 0 0
6.98 0 0 0 0 0 0 0 0
6.99 0 0 0 0 0 0 0 0
7 0 0 0 0 0 0 0 0
7.01 0 0 0 0 0 0 0 0
7.02 0 0 0 0 0 0 0 0
7.03 0 0 0 0 0 0 0 0
7.04 0 0 0 0 0 0 0 0
7.05 0 0 0 0 0 0 0 0
7.06 0 0 0 0 0 0 0 0
7.07 0 0 0 0 0 0 0 0
7.08 0 0 0 0 0 0 0 0
7.09 0 0 0 0 0 0 0 0
7.1 0 0 0 0 0 0 0 0
7.11 0 0 0 0 0 0 0 0
7.12 0 0 0 0 0 0 0 0
7.13 0 0 0 0 0 0 0 0
7.14 0 0 0 0 0 0 0 0
7.15 0 0 0 0 0 0 0 0
7.16 0 0 0 0 0 0 0 0
7.17 0 0 0 0 0 0 0 0
7.18 0 0 0 0 0 0 0 0
7.19 0 0 0 0 0 0 0 0
7.2 0 0 0 0 0 0 0 0
7.21 0 0 0 0 0 0 0 0
7.22 0 0 0 0 0 0 0 0
7.23 0 0 0 0 0 0 0 0
7.24 0 0 0 0 0 0 0 0
7.25 0 0 0 0 0 0 0 0
7.26 0 0 0 0 0 0 0 0
7.27 0 0 0 0 0 0 0 0
7.28 0 0 0 0 0 0 0 0
7.29 0 0 0 0 0 0 0 0
7.3 0 0 0 0 0 0 0 0
7.31 0 0 0 0 0 0 0 0
7.32 0 0 0 0 0 0 0 0
7.33 0 0 0 0 0 0 0 0
7.34 0 0 0 0 0 0 0 0
7.35 0 0 0 0 0 0 0 0
7.36 0 0 0 0 0 0 0 0
7.37 0 0 0 0 0 0 0 0
7.38 0 0 0 0 0 0 0 0
7.39 0 0 0 0 0 0 0 0
7.4 0 0 0 0 0 0 0 0
7.41 0 0 0 0 0 0 0 0
7.42 0 0 0 0 0 0 0 0
7.43 0 0 0 0 0 0 0 0
7.44 0 0 0 0 0 0 0 0
7.45 0 0 0 0 0 0 0 0
7.46 0 0 0 0 0 0 0 0
7.47 0 0 0 0 0 0 0 0
7.48 0 0 0 0 0 0 0 0
7.49 0 0 0 0 0 0 0 0
7.5 0 0 0 0 0 0 0 0
7.51 0 0 0 0 0 0 0 0
7.52 0 0 0 0 0 0 0 0
7.53 0 0 0 0 0 0 0 0
7.54 0 0 0 0 0 0 0 0
7.55 0 0 0 0 0 0 0 0
7.56 0 0 0 0 0 0 0 0
7.57 0 0 0 0 0 0 0 0
7.58 0 0 0 0 0 0 0 0
7.59 0 0 0 0 0 0 0 0
7.6 0 0 0 0 0 0 0 0
7.61 0 0 0 0 0 0 0 0
7.62 0 0 0 0 0 0 0 0
7.63 0 0 0 0 0 0 0 0
7.64 0 0 0 0 0 0 0 0
7.65 0 0 0 0 0 0 0 0
7.66 0 0 0 0 0 0 0 0
7.67 0 0 0 0 0 0 0 0
7.68 0 0 0 0 0 0 0 0
7.69 0 0 0 0 0 0 0 0
7.7 0 0 0 0 0 0 0 0
7.71 0 0 0 0 0 0 0 0
7.72 0 0 0 0 0 0 0 0
7.73 0 0 0 0 0 0 0 0
7.74 0 0 0 0 0 0 0 0
7.75 0 0 0 0 0 0 0 0
7.76 0 0 0 0 0 0 0 0
7.77 0 0 0 0 0 0 0 0
7.78 0 0 0 0 0 0 0 0
7.79 0 0 0 0 0 0 0 0
7.8 0 0 0 0 0 0 0 0
7.81 0 0 0 0 0 0 0 0
7.82 0 0 0 0 0 0 0 0
7.83 0 0 0 0 0 0 0 0
7.84 0 0 0 0 0 0 0 0
7.85 0 0 0 0 0 0 0 0
7.86 0 0 0 0 0 0 0 0
7.87 0 0 0 0 0 0 0 0
7.88 0 0 0 0 0 0 0 0
7.89 0 0 0 0 0 0 0 0
7.9 0 0 0 0 0 0 0 0
7.91 0 0 0 0 0 0 0 0
7.92 0 0 0 0 0 0 0 0
7.93 0 0 0 0 0 0 0 0
7.94 0 0 0 0 0 0 0 0
7.95 0 0 0 0 0 0 0 0
7.96 0 0 0 0 0 0 0 0
7.97 0 0 0 0 0 0 0 0
7.98 0 0 0 0 0 0 0 0
7.99 0 0 0 0 0 0 0 0
8 0 0 0 0 0 0 0 0
8.01 0 0 0 0 0 0 0 0
8.02 0 0 0 0 0 0 0 0
8.03 0 0 0 0 0 0 0 0
8.04 0 0 0 0 0 0 0 0
8.05 0 0 0 0 0 0 0 0
8.06 0 0 0 0 0 0 0 0
8.07 0 0 0 0 0 0 0 0
8.08 0 0 0 0 0 0 0 0
8.09 0 0 0 0 0 0 0 0
8.1 0 0 0 0 0 0 0 0
8.11 0 0 0 0 0 0 0 0
8.12 0 0 0 0 0 0 0 0
8.13 0 0 0 0 0 0 0 0
8.14 0 0 0 0 0 0 0 0
8.15 0 0 0 0 0 0 0 0
8.16 0 0 0 0 0 0 0 0
8.17 0 0 0 0 0 0 0 0
8.18 0 0 0 0 0 0 0 0
8.19 0 0 0 0 0 0 0 0
8.2 0 0 0 0 0 0 0 0
8.21 0 0 0 0 0 0 0 0
8.22 0 0 0 0 0 0 0 0
8.23 0 0 0 0 0 0 0 0
8.24 0 0 0 0 0 0 0 0
8.25 0 0 0 0 0 0 0 0
8.26 0 0 0 0 0 0 0 0
8.27 0 0 0 0 0 0 0 0
8.28 0 0 0 0 0 0 0 0
8.29 0 0 0 0 0 0 0 0
8.3 0 0 0 0 0 0 0 0
8.31 0 0 0 0 0 0 0 0
8.32 0 0 0 0 0 0 0 0
8.33 0 0 0 0 0 0 0 0
8.34 0 0 0 0 0 0 0 0
8.35 0 0 0 0 0 0 0 0
8.36 0 0 0 0 0 0 0 0
8.37 0 0 0 0 0 0 0 0
8.38 0 0 0 0 0 0 0 0
8.39 0 0 0 0 0 0 0 0
8.4 0 0 0 0 0 0 0 0
8.41 0 0 0 0 0 0 0 0
8.42 0 0 0 0 0 0 0 0
8.43 0 0 0 0 0 0 0 0
8.44 0 0 0 0 0 0 0 0
8.45 0 0 0 0 0 0 0 0
8.46 0 0 0 0 0 0 0 0
8.47 0 0 0 0 0 0 0 0
8.48 0 0 0 0 0 0 0 0
8.49 0 0 0 0 0 0 0 0
8.5 0 0 0 0 0 0 0 0
8.51 0 0 0 0 0 0 0 0
8.52 0 0 0 0 0 0 0 0
8.53 0 0 0 0 0 0 0 0
8.54 0 0 0 0 0 0 0 0
8.55 0 0 0 0 0 0 0 0
8.56 0 0 0 0 0 0 0 0
8.57 0 0 0 0 0 0 0 0
8.58 0 0 0 0 0 0 0 0
8.59 0 0 0 0 0 0 0 0
8.6 0 0 0 0 0 0 0 0
8.61 0 0 0 0 0 0 0 0
8.62 0 0 0 0 0 0 0 0
8.63 0 0 0 0 0 0 0 0
8.64 0 0 0 0 0 0 0 0
8.65 0 0 0 0 0 0 0 0
8.66 0 0 0 0 0 0 0 0
8.67 0 0 0 0 0 0 0 0
8.68 0 0 0 0 0 0 0 0
8.69 0 0 0 0 0 0 0 0
8.7 0 0 0 0 0 0 0 0
8.71 0 0 0 0 0 0 0 0
8.72 0 0 0 0 0 0 0 0
8.73 0 0 0 0 0 0 0 0
8.74 0 0 0 0 0 0 0 0
8.75 0 0 0 0 0 0 0 0
8.76 0 0 0 0 0 0 0 0
8.77 0 0 0 0 0 0 0 0
8.78 0 0 0 0 0 0 0 0
8.79 0 0 0 0 0 0 0 0
8.8 0 0 0 0 0 0 0 0
8.81 0 0 0 0 0 0 0 0
8.82 0 0 0 0 0 0 0 0
8.83 0 0 0 0 0 0 0 0
8.84 0 0 0 0 0 0 0 0
8.85 0 0 0 0 0 0 0 0
8.86 0 0 0 0 0 0 0 0
8.87 0 0 0 0 0 0 0 0
8.88 0 0 0 0 0 0 0 0
8.89 0 0 0 0 0 0 0 0
8.9 0 0 0 0 0 0 0 0
8.91 0 0 0 0 0 0 0 0
8.92 0 0 0 0 0 0 0 0
8.93 0 0 0 0 0 0 0 0
8.94 0 0 0 0 0 0 0 0
8.95 0 0 0 0 0 0 0 0
8.96 0 0 0 0 0 0 0 0
8.97 0 0 0 0 0 0 0 0
8.98 0 0 0 0 0 0 0 0
8.99 0 0 0 0 0 0 0 0
9 0 0 0 0 0 0 0 0
9.01 0 0 0 0 0 0 0 0
9.02 0 0 0 0 0 0 0 0
9.03 0 0 0 0 0 0 0 0
9.04 0 0 0 0 0 0 0 0
9.05 0 0 0 0 0 0 0 0
9.06 0 0 0 0 0 0 0 0
9.07 0 0 0 0 0 0 0 0
9.08 0 0 0 0 0 0 0 0
9.09 0 0 0 0 0 0 0 0
9.1 0 0 0 0 0 0 0 0
9.11 0 0 0 0 0 0 0 0
9.12 0 0 0 0 0 0 0 0
9.13 0 0 0 0 0 0 0 0
9.14 0 0 0 0 0 0 0 0
9.15 0 0 0 0 0 0 0 0
9.16 0 0 0 0 0 0 0 0
9.17 0 0 0 0 0 0 0 0
9.18 0 0 0 0 0 0 0 0
9.19 0 0 0 0 0 0 0 0
9.2 0 0 0 0 0 0 0 0
9.21 0 0 0 0 0 0 0 0
9.22 0 0 0 0 0 0 0 0
9.23 0 0 0 0 0 0 0 0
9.24 0 0 0 0 0 0 0 0
9.25 0 0 0 0 0 0 0 0
9.26 0 0 0 0 0 0 0 0
9.27 0 0 0 0 0 0 0 0
9.28 0 0 0 0 0 0 0 0
9.29 0 0 0 0 0 0 0 0
9.3 0 0 0 0 0 0 0 0
9.31 0 0 0 0 0 0 0 0
9.32 0 0 0 0 0 0 0 0
9.33 0 0 0 0 0 0 0 0
9.34 0 0 0 0 0 0 0 0
9.35 0 0 0 0 0 0 0 0
9.36 0 0 0 0 0 0 0 0
9.37 0 0 0 0 0 0 0 0
9.38 0 0 0 0 0 0 0 0
9.39 0 0 0 0 0 0 0 0
9.4 0 0 0 0 0 0 0 0
9.41 0 0 0 0 0 0 0 0
9.42 0 0 0 0 0 0 0 0
9.43 0 0 0 0 0 0 0 0
9.44 0 0 0 0 0 0 0 0
9.45 0 0 0 0 0 0 0 0
9.46 0 0 0 0 0 0 0 0
9.47 0 0 0 0 0 0 0 0
9.48 0 0 0 0 0 0 0 0
9.49 0 0 0 0 0 0 0 0
9.5 0 0 0 0 0 0 0 0
9.51 0 0 0 0 0 0 0 0
9.52 0 0 0 0 0 0 0 0
9.53 0 0 0 0 0 0 0 0
9.54 0 0 0 0 0 0 0 0
9.55 0 0 0 0 0 0 0 0
9.56 0 0 0 0 0 0 0 0
9.57 0 0 0 0 0 0 0 0
9.58 0 0 0 0 0 0 0 0
9.59 0 0 0 0 0 0 0 0
9.6 0 0 0 0 0 0 0 0
9.61 0 0 0 0 0 0 0 0
9.62 0 0 0 0 0 0 0 0
9.63 0 0 0 0 0 0 0 0
9.64 0 0 0 0 0 0 0 0
9.65 0 0 0 0 0 0 0 0
9.66 0 0 0 0 0 0 0 0
9.67 0 0 0 0 0 0 0 0
9.68 0 0 0 0 0 0 0 0
9.69 0 0 0 0 0 0 0 0
9.7 0 0 0 0 0 0 0 0
9.71 0 0 0 0 0 0 0 0
9.72 0 0 0 0 0 0 0 0
9.73 0 0 0 0 0 0 0 0
9.74 0 0 0 0 0 0 0 0
9.75 0 0 0 0 0 0 0 0
9.76 0 0 0 0 0 0 0 0
9.77 0 0 0 0 0 0 0 0
9.78 0 0 0 0 0 0 0 0
9.79 0 0 0 0 0 0 0 0
9.8 0 0 0 0 0 0 0 0
9.81 0 0 0 0 0 0 0 0
9.82 0 0 0 0 0 0 0 0
9.83 0 0 0 0 0 0 0 0
9.84 0 0 0 0 0 0 0 0
9.85 0 0 0 0 0 0 0 0
9.86 0 0 0 0 0 0 0 0
9.87 0 0 0 0 0 0 0 0
9.88 0 0 0 0 0 0 0 0
9.89 0 0 0 0 0 0 0 0
9.9 0 0 0 0 0 0 0 0
9.91 0 0 0 0 0 0 0 0
9.92 0 0 0 0 0 0 0 0
9.93 0 0 0 0 0 0 0 0
9.94 0 0 0 0 0 0 0 0
9.95 0 0 0 0 0 0 0 0
9.96 0 0 0 0 0 0 0 0
9.97 0 0 0 0 0 0 0 0
9.98 0 0 0 0 0 0 0 0
9.99 0 0 0 0 0 0 0 0
