0 0.628319 2.49981 2.50024 2.49981 0.000101785 -2.49981 -0.000101785 
0.01 0.628319 2.50276 2.49638 2.50276 0.00139848 -2.50276 -0.00139848 
0.02 0.628319 2.49029 2.50047 2.49029 -0.0053029 -2.49029 0.0053029 
0.03 0.628319 2.49858 2.49407 2.49858 -0.000524334 -2.49858 0.000524334 
0.04 0.628319 2.49313 2.49643 2.49313 -0.00197466 -2.49313 0.00197466 
0.05 0.628319 2.49304 2.49564 2.49304 -0.0019988 -2.49304 0.0019988 
0.06 0.628319 2.48486 2.48845 2.48486 -0.00398623 -2.48486 0.00398623 
0.07 0.628319 2.48208 2.48515 2.48208 0.00266553 -2.48208 -0.00266553 
0.08 0.628319 2.48605 2.48593 2.48605 -0.00147943 -2.48605 0.00147943 
0.09 0.628319 2.48171 2.47435 2.48171 0.003798 -2.48171 -0.003798 
0.1 0.628319 2.47028 2.47157 2.47028 -0.00118899 -2.47028 0.00118899 
0.11 0.628319 2.46592 2.46427 2.46592 -0.00183002 -2.46592 0.00183002 
0.12 0.628319 2.46089 2.45756 2.46089 0.00227106 -2.46089 -0.00227106 
0.13 0.628319 2.45706 2.45592 2.45706 7.1484e-05 -2.45706 -7.1484e-05 
0.14 0.628319 2.45259 2.45351 2.45259 0.00138791 -2.45259 -0.00138791 
0.15 0.628319 2.44703 2.44442 2.44703 0.00162333 -2.44703 -0.00162333 
0.16 0.628319 2.43485 2.42895 2.43485 0.0042622 -2.43485 -0.0042622 
0.17 0.628319 2.42903 2.42846 2.42903 0.00457841 -2.42903 -0.00457841 
0.18 0.628319 2.41845 2.42367 2.41845 -0.000256313 -2.41845 0.000256313 
0.19 0.628319 2.41289 2.41076 2.41289 -0.004568 -2.41289 0.004568 
0.2 0.628319 2.40326 2.39972 2.40326 -0.00454491 -2.40326 0.00454491 
0.21 0.628319 2.38483 2.3901 2.38483 -0.00239743 -2.38483 0.00239743 
0.22 0.628319 2.37784 2.38286 2.37784 -0.00216874 -2.37784 0.00216874 
0.23 0.628319 2.37163 2.364 2.37163 -0.00105336 -2.37163 0.00105336 
0.24 0.628319 2.35962 2.35577 2.35962 0.00353851 -2.35962 -0.00353851 
0.25 0.628319 2.34298 2.33921 2.34298 -0.00260893 -2.34298 0.00260893 
0.26 0.628319 2.33347 2.32442 2.33347 5.98445e-05 -2.33347 -5.98445e-05 
0.27 0.628319 2.31942 2.31499 2.31942 0.00293843 -2.31942 -0.00293843 
0.28 0.628319 2.30499 2.29715 2.30499 -0.00178169 -2.30499 0.00178169 
0.29 0.628319 2.28973 2.29268 2.28973 -0.000888927 -2.28973 0.000888927 
0.3 0.628319 2.27821 2.27003 2.27821 -0.005307 -2.27821 0.005307 
0.31 0.628319 2.26264 2.25313 2.26264 -0.000928791 -2.26264 0.000928791 
0.32 0.628319 2.24417 2.241 2.24417 -0.000266973 -2.24417 0.000266973 
0.33 0.628319 2.22306 2.22295 2.22306 0.000606309 -2.22306 -0.000606309 
0.34 0.628319 2.20972 2.19832 2.20972 -0.00454736 -2.20972 0.00454736 
0.35 0.628319 2.19358 2.18511 2.19358 -0.00182038 -2.19358 0.00182038 
0.36 0.628319 2.17231 2.16761 2.17231 -6.93305e-05 -2.17231 6.93305e-05 
0.37 0.628319 2.1592 2.14729 2.1592 -0.00346962 -2.1592 0.00346962 
0.38 0.628319 2.13723 2.12551 2.13723 -0.00139557 -2.13723 0.00139557 
0.39 0.628319 2.11413 2.10535 2.11413 -0.00133829 -2.11413 0.00133829 
0.4 0.628319 2.09964 2.08723 2.09964 -0.00588777 -2.09964 0.00588777 
0.41 0.628319 2.07618 2.06496 2.07618 -0.0051301 -2.07618 0.0051301 
0.42 0.628319 2.05708 2.04309 2.05708 -0.00596407 -2.05708 0.00596407 
0.43 0.628319 2.04022 2.01851 2.04022 -0.00473162 -2.04022 0.00473162 
0.44 0.628319 2.01487 1.99258 2.01487 -0.00610639 -2.01487 0.00610639 
0.45 0.628319 1.99146 1.97348 1.99146 -0.00640228 -1.99146 0.00640228 
0.46 0.628319 1.96881 1.94593 1.96881 -0.00579638 -1.96881 0.00579638 
0.47 0.628319 1.94563 1.91636 1.94563 -0.0126211 -1.94563 0.0126211 
0.48 0.628319 1.91762 1.89203 1.91762 -0.00797482 -1.91762 0.00797482 
0.49 0.628319 1.89693 1.8677 1.89693 -0.00902547 -1.89693 0.00902547 
0.5 0.628319 1.87713 1.84159 1.87713 -0.0101905 -1.87713 0.0101905 
0.51 0.628319 1.84556 1.81112 1.84556 -0.0128005 -1.84556 0.0128005 
0.52 0.628319 1.82042 1.77896 1.82042 -0.0139681 -1.82042 0.0139681 
0.53 0.628319 1.79344 1.75288 1.79344 -0.0111471 -1.79344 0.0111471 
0.54 0.628319 1.76481 1.72727 1.76481 -0.0174249 -1.76481 0.0174249 
0.55 0.628319 1.7383 1.69318 1.7383 -0.0155441 -1.7383 0.0155441 
0.56 0.628319 1.70842 1.66218 1.70842 -0.0181147 -1.70842 0.0181147 
0.57 0.628319 1.68594 1.63419 1.68594 -0.0208123 -1.68594 0.0208123 
0.58 0.628319 1.65167 1.59949 1.65167 -0.0200576 -1.65167 0.0200576 
0.59 0.628319 1.62127 1.56705 1.62127 -0.0204527 -1.62127 0.0204527 
0.6 0.628319 1.59584 1.53115 1.59584 -0.0237311 -1.59584 0.0237311 
0.61 0.628319 1.56692 1.49305 1.56692 -0.022597 -1.56692 0.022597 
0.62 0.628319 1.52793 1.46122 1.52793 -0.0258572 -1.52793 0.0258572 
0.63 0.628319 1.50121 1.42421 1.50121 -0.028919 -1.50121 0.028919 
0.64 0.628319 1.4663 1.38914 1.4663 -0.0272674 -1.4663 0.0272674 
0.65 0.628319 1.43689 1.34904 1.43689 -0.0296909 -1.43689 0.0296909 
0.66 0.628319 1.40367 1.30992 1.40367 -0.0306801 -1.40367 0.0306801 
0.67 0.628319 1.36611 1.27188 1.36611 -0.0333639 -1.36611 0.0333639 
0.68 0.628319 1.33238 1.23507 1.33238 -0.03532 -1.33238 0.03532 
0.69 0.628319 1.29678 1.19328 1.29678 -0.0392199 -1.29678 0.0392199 
0.7 0.628319 1.26362 1.15628 1.26362 -0.0386837 -1.26362 0.0386837 
0.71 0.628319 1.22951 1.11231 1.22951 -0.0405861 -1.22951 0.0405861 
0.72 0.628319 1.18572 1.07049 1.18572 -0.0445597 -1.18572 0.0445597 
0.73 0.628319 1.15297 1.02977 1.15297 -0.0446519 -1.15297 0.0446519 
0.74 0.628319 1.11426 0.985193 1.11426 -0.0465639 -1.11426 0.0465639 
0.75 0.628319 1.07607 0.943307 1.07607 -0.0488095 -1.07607 0.0488095 
0.76 0.628319 1.04059 0.89808 1.04059 -0.0521815 -1.04059 0.0521815 
0.77 0.628319 1.00202 0.855224 1.00202 -0.0515708 -1.00202 0.0515708 
0.78 0.628319 0.960475 0.809583 0.960475 -0.0557824 -0.960475 0.0557824 
0.79 0.628319 0.919334 0.763811 0.919334 -0.0559688 -0.919334 0.0559688 
0.8 0.628319 0.880214 0.720191 0.880214 -0.0591402 -0.880214 0.0591402 
0.81 0.628319 0.840586 0.673064 0.840586 -0.0590651 -0.840586 0.0590651 
0.82 0.628319 0.799153 0.629342 0.799153 -0.0605169 -0.799153 0.0605169 
0.83 0.628319 0.757611 0.583099 0.757611 -0.0632412 -0.757611 0.0632412 
0.84 0.628319 0.716118 0.538246 0.716118 -0.0640155 -0.716118 0.0640155 
0.85 0.628319 0.671945 0.493226 0.671945 -0.065076 -0.671945 0.065076 
0.86 0.628319 0.631336 0.447866 0.631336 -0.0653741 -0.631336 0.0653741 
0.87 0.628319 0.586026 0.403748 0.586026 -0.0666162 -0.586026 0.0666162 
0.88 0.628319 0.542711 0.360405 0.542711 -0.0660448 -0.542711 0.0660448 
0.89 0.628319 0.499088 0.317925 0.499088 -0.0658212 -0.499088 0.0658212 
0.9 0.628319 0.45319 0.276394 0.45319 -0.0642246 -0.45319 0.0642246 
0.91 0.628319 0.409549 0.235339 0.409549 -0.0627459 -0.409549 0.0627459 
0.92 0.628319 0.36458 0.197164 0.36458 -0.0611663 -0.36458 0.0611663 
0.93 0.628319 0.319396 0.159941 0.319396 -0.057325 -0.319396 0.057325 
0.94 0.628319 0.273779 0.126102 0.273779 -0.053319 -0.273779 0.053319 
0.95 0.628319 0.227735 0.0945715 0.227735 -0.0483203 -0.227735 0.0483203 
0.96 0.628319 0.182565 0.0665522 0.182565 -0.042178 -0.182565 0.042178 
0.97 0.628319 0.13653 0.0423212 0.13653 -0.0342746 -0.13653 0.0342746 
0.98 0.628319 0.090881 0.0225163 0.090881 -0.0247416 -0.090881 0.0247416 
0.99 0.628319 0.0452918 0.00817652 0.0452918 -0.013474 -0.0452918 0.013474 
