0 3.14159e-07 2.50487 2.50618 2.50487 -0.0022921 -2.50487 0.0022921 
0.01 3.14159e-07 2.50055 2.49849 2.50055 -0.000615363 -2.50055 0.000615363 
0.02 3.14159e-07 2.49355 2.50518 2.49355 0.00142669 -2.49355 -0.00142669 
0.03 3.14159e-07 2.49422 2.49958 2.49422 0.00119901 -2.49422 -0.00119901 
0.04 3.14159e-07 2.48831 2.49637 2.48831 -0.00569768 -2.48831 0.00569768 
0.05 3.14159e-07 2.49369 2.49627 2.49369 -0.00245073 -2.49369 0.00245073 
0.06 3.14159e-07 2.4917 2.49406 2.4917 -0.00199362 -2.4917 0.00199362 
0.07 3.14159e-07 2.48815 2.48842 2.48815 0.00410432 -2.48815 -0.00410432 
0.08 3.14159e-07 2.48209 2.48858 2.48209 0.000615624 -2.48209 -0.000615624 
0.09 3.14159e-07 2.48208 2.48583 2.48208 -0.00336002 -2.48208 0.00336002 
0.1 3.14159e-07 2.47267 2.47582 2.47267 -0.000435648 -2.47267 0.000435648 
0.11 3.14159e-07 2.47255 2.47073 2.47255 0.000828991 -2.47255 -0.000828991 
0.12 3.14159e-07 2.45847 2.4605 2.45847 0.00219868 -2.45847 -0.00219868 
0.13 3.14159e-07 2.45313 2.45813 2.45313 0.000102689 -2.45313 -0.000102689 
0.14 3.14159e-07 2.44821 2.44748 2.44821 -0.00225581 -2.44821 0.00225581 
0.15 3.14159e-07 2.44356 2.4411 2.44356 -0.00391776 -2.44356 0.00391776 
0.16 3.14159e-07 2.43361 2.4327 2.43361 -0.00241467 -2.43361 0.00241467 
0.17 3.14159e-07 2.43693 2.42946 2.43693 0.000713634 -2.43693 -0.000713634 
0.18 3.14159e-07 2.42016 2.42302 2.42016 -0.00245064 -2.42016 0.00245064 
0.19 3.14159e-07 2.41228 2.41568 2.41228 -0.000871363 -2.41228 0.000871363 
0.2 3.14159e-07 2.40555 2.39855 2.40555 0.000178444 -2.40555 -0.000178444 
0.21 3.14159e-07 2.39178 2.39124 2.39178 -0.000200423 -2.39178 0.000200423 
0.22 3.14159e-07 2.38228 2.38104 2.38228 0.0027402 -2.38228 -0.0027402 
0.23 3.14159e-07 2.36282 2.36795 2.36282 0.00327842 -2.36282 -0.00327842 
0.24 3.14159e-07 2.35604 2.35762 2.35604 0.000682465 -2.35604 -0.000682465 
0.25 3.14159e-07 2.33808 2.34038 2.33808 -0.00102268 -2.33808 0.00102268 
0.26 3.14159e-07 2.33048 2.33145 2.33048 0.000403709 -2.33048 -0.000403709 
0.27 3.14159e-07 2.31035 2.31597 2.31035 0.00414675 -2.31035 -0.00414675 
0.28 3.14159e-07 2.29944 2.30119 2.29944 -0.00218078 -2.29944 0.00218078 
0.29 3.14159e-07 2.28856 2.28788 2.28856 -0.00104272 -2.28856 0.00104272 
0.3 3.14159e-07 2.27301 2.27507 2.27301 -0.00380615 -2.27301 0.00380615 
0.31 3.14159e-07 2.25627 2.26024 2.25627 0.000428755 -2.25627 -0.000428755 
0.32 3.14159e-07 2.2437 2.24471 2.2437 0.00268842 -2.2437 -0.00268842 
0.33 3.14159e-07 2.21647 2.22655 2.21647 0.000963462 -2.21647 -0.000963462 
0.34 3.14159e-07 2.19953 2.21216 2.19953 -0.00504279 -2.19953 0.00504279 
0.35 3.14159e-07 2.18238 2.19942 2.18238 -0.000900344 -2.18238 0.000900344 
0.36 3.14159e-07 2.16528 2.17445 2.16528 0.000752369 -2.16528 -0.000752369 
0.37 3.14159e-07 2.14665 2.15609 2.14665 -4.99987e-05 -2.14665 4.99987e-05 
0.38 3.14159e-07 2.12571 2.13878 2.12571 -0.0010276 -2.12571 0.0010276 
0.39 3.14159e-07 2.1037 2.11969 2.1037 0.00162379 -2.1037 -0.00162379 
0.4 3.14159e-07 2.08838 2.09498 2.08838 -0.00129746 -2.08838 0.00129746 
0.41 3.14159e-07 2.06246 2.0779 2.06246 0.00252427 -2.06246 -0.00252427 
0.42 3.14159e-07 2.0368 2.0622 2.0368 -0.0026657 -2.0368 0.0026657 
0.43 3.14159e-07 2.01706 2.0381 2.01706 0.00408261 -2.01706 -0.00408261 
0.44 3.14159e-07 1.99631 2.01616 1.99631 0.00151526 -1.99631 -0.00151526 
0.45 3.14159e-07 1.96722 1.99521 1.96722 -0.00117454 -1.96722 0.00117454 
0.46 3.14159e-07 1.94876 1.97396 1.94876 0.00159689 -1.94876 -0.00159689 
0.47 3.14159e-07 1.91883 1.94763 1.91883 -0.000633691 -1.91883 0.000633691 
0.48 3.14159e-07 1.89418 1.92022 1.89418 0.00247613 -1.89418 -0.00247613 
0.49 3.14159e-07 1.86318 1.90138 1.86318 0.00270225 -1.86318 -0.00270225 
0.5 3.14159e-07 1.83622 1.87151 1.83622 0.00301993 -1.83622 -0.00301993 
0.51 3.14159e-07 1.81243 1.84517 1.81243 -0.00045408 -1.81243 0.00045408 
0.52 3.14159e-07 1.77596 1.81951 1.77596 -0.00212288 -1.77596 0.00212288 
0.53 3.14159e-07 1.75124 1.79684 1.75124 0.00196403 -1.75124 -0.00196403 
0.54 3.14159e-07 1.7177 1.76992 1.7177 -0.00138373 -1.7177 0.00138373 
0.55 3.14159e-07 1.68944 1.74417 1.68944 -0.000281851 -1.68944 0.000281851 
0.56 3.14159e-07 1.66007 1.71604 1.66007 0.000112488 -1.66007 -0.000112488 
0.57 3.14159e-07 1.62452 1.68166 1.62452 -0.0016621 -1.62452 0.0016621 
0.58 3.14159e-07 1.59516 1.65532 1.59516 0.00326015 -1.59516 -0.00326015 
0.59 3.14159e-07 1.55792 1.63017 1.55792 0.00112772 -1.55792 -0.00112772 
0.6 3.14159e-07 1.52443 1.59954 1.52443 -0.000811226 -1.52443 0.000811226 
0.61 3.14159e-07 1.48804 1.57042 1.48804 0.000605523 -1.48804 -0.000605523 
0.62 3.14159e-07 1.45026 1.53919 1.45026 0.00113724 -1.45026 -0.00113724 
0.63 3.14159e-07 1.41266 1.5105 1.41266 0.000177632 -1.41266 -0.000177632 
0.64 3.14159e-07 1.37667 1.47384 1.37667 -0.000687813 -1.37667 0.000687813 
0.65 3.14159e-07 1.34237 1.44457 1.34237 0.000456566 -1.34237 -0.000456566 
0.66 3.14159e-07 1.30255 1.41254 1.30255 -0.000446179 -1.30255 0.000446179 
0.67 3.14159e-07 1.26753 1.37552 1.26753 -0.000590271 -1.26753 0.000590271 
0.68 3.14159e-07 1.2231 1.34155 1.2231 -0.00110624 -1.2231 0.00110624 
0.69 3.14159e-07 1.18206 1.30867 1.18206 0.00131259 -1.18206 -0.00131259 
0.7 3.14159e-07 1.14307 1.27345 1.14307 -0.000175771 -1.14307 0.000175771 
0.71 3.14159e-07 1.0973 1.23983 1.0973 0.00151823 -1.0973 -0.00151823 
0.72 3.14159e-07 1.05455 1.19994 1.05455 3.88374e-05 -1.05455 -3.88374e-05 
0.73 3.14159e-07 1.0136 1.17042 1.0136 -0.00057714 -1.0136 0.00057714 
0.74 3.14159e-07 0.974337 1.12892 0.974337 -0.000490261 -0.974337 0.000490261 
0.75 3.14159e-07 0.926609 1.0942 0.926609 2.38317e-05 -0.926609 -2.38317e-05 
0.76 3.14159e-07 0.882509 1.05883 0.882509 -0.000557057 -0.882509 0.000557057 
0.77 3.14159e-07 0.834906 1.02043 0.834906 0.000568029 -0.834906 -0.000568029 
0.78 3.14159e-07 0.791133 0.978346 0.791133 -0.00275517 -0.791133 0.00275517 
0.79 3.14159e-07 0.746119 0.938994 0.746119 -0.000712226 -0.746119 0.000712226 
0.8 3.14159e-07 0.700342 0.900522 0.700342 -0.00139697 -0.700342 0.00139697 
0.81 3.14159e-07 0.655308 0.860793 0.655308 0.000124573 -0.655308 -0.000124573 
0.82 3.14159e-07 0.608939 0.819152 0.608939 -0.00077456 -0.608939 0.00077456 
0.83 3.14159e-07 0.56282 0.779231 0.56282 -0.00057201 -0.56282 0.00057201 
0.84 3.14159e-07 0.519098 0.734251 0.519098 0.00079956 -0.519098 -0.00079956 
0.85 3.14159e-07 0.471156 0.69462 0.471156 -0.000714726 -0.471156 0.000714726 
0.86 3.14159e-07 0.426902 0.649937 0.426902 -0.00108703 -0.426902 0.00108703 
0.87 3.14159e-07 0.381968 0.608284 0.381968 -0.000108503 -0.381968 0.000108503 
0.88 3.14159e-07 0.338586 0.562989 0.338586 -0.000332426 -0.338586 0.000332426 
0.89 3.14159e-07 0.296128 0.521574 0.296128 0.000101518 -0.296128 -0.000101518 
0.9 3.14159e-07 0.254406 0.476085 0.254406 -0.000147775 -0.254406 0.000147775 
0.91 3.14159e-07 0.215899 0.429778 0.215899 0.000544923 -0.215899 -0.000544923 
0.92 3.14159e-07 0.177115 0.383357 0.177115 0.00015197 -0.177115 -0.00015197 
0.93 3.14159e-07 0.141769 0.338112 0.141769 0.000132571 -0.141769 -0.000132571 
0.94 3.14159e-07 0.108681 0.291 0.108681 -1.92231e-06 -0.108681 1.92231e-06 
0.95 3.14159e-07 0.0789248 0.243353 0.0789248 2.75922e-06 -0.0789248 -2.75922e-06 
0.96 3.14159e-07 0.0529224 0.196318 0.0529224 -0.000112183 -0.0529224 0.000112183 
0.97 3.14159e-07 0.0310919 0.147728 0.0310919 -2.33335e-05 -0.0310919 2.33335e-05 
0.98 3.14159e-07 0.0145399 0.0989489 0.0145399 -7.50366e-05 -0.0145399 7.50366e-05 
0.99 3.14159e-07 0.00380345 0.049933 0.00380345 6.00609e-06 -0.00380345 -6.00609e-06 
