0 1.1781 2.50795 2.4998 2.50795 -0.00184573 -2.50795 0.00184573 
0.02 1.1781 2.50616 2.49932 2.50616 -0.00124208 -2.50616 0.00124208 
0.04 1.1781 2.49554 2.49899 2.49554 -0.00294911 -2.49554 0.00294911 
0.06 1.1781 2.49793 2.48632 2.49793 -0.00075841 -2.49793 0.00075841 
0.08 1.1781 2.48542 2.48206 2.48542 -0.000620334 -2.48542 0.000620334 
0.1 1.1781 2.47693 2.47266 2.47693 -0.00448848 -2.47693 0.00448848 
0.12 1.1781 2.46682 2.47051 2.46682 0.000509558 -2.46682 -0.000509558 
0.14 1.1781 2.44871 2.44595 2.44871 0.000632207 -2.44871 -0.000632207 
0.16 1.1781 2.43796 2.44115 2.43796 0.00020461 -2.43796 -0.00020461 
0.18 1.1781 2.41825 2.42034 2.41825 -0.000735333 -2.41825 0.000735333 
0.2 1.1781 2.40328 2.40406 2.40328 0.0030728 -2.40328 -0.0030728 
0.22 1.1781 2.37859 2.37683 2.37859 0.00360315 -2.37859 -0.00360315 
0.24 1.1781 2.3496 2.35182 2.3496 -0.00357995 -2.3496 0.00357995 
0.26 1.1781 2.33025 2.32531 2.33025 0.00474536 -2.33025 -0.00474536 
0.28 1.1781 2.30491 2.30476 2.30491 0.00190726 -2.30491 -0.00190726 
0.3 1.1781 2.274 2.276 2.274 -0.00102334 -2.274 0.00102334 
0.32 1.1781 2.24193 2.24102 2.24193 0.00371186 -2.24193 -0.00371186 
0.34 1.1781 2.20644 2.2074 2.20644 0.00209728 -2.20644 -0.00209728 
0.36 1.1781 2.16925 2.1735 2.16925 0.00392442 -2.16925 -0.00392442 
0.38 1.1781 2.12831 2.13479 2.12831 0.00642502 -2.12831 -0.00642502 
0.4 1.1781 2.08931 2.08883 2.08931 0.00660152 -2.08931 -0.00660152 
0.42 1.1781 2.0512 2.0511 2.0512 0.0121322 -2.0512 -0.0121322 
0.44 1.1781 2.00833 2.00448 2.00833 0.00907773 -2.00833 -0.00907773 
0.46 1.1781 1.959 1.95635 1.959 0.014867 -1.959 -0.014867 
0.48 1.1781 1.90869 1.90925 1.90869 0.0164218 -1.90869 -0.0164218 
0.5 1.1781 1.85593 1.85814 1.85593 0.0171654 -1.85593 -0.0171654 
0.52 1.1781 1.80285 1.80261 1.80285 0.0216293 -1.80285 -0.0216293 
0.54 1.1781 1.74725 1.74351 1.74725 0.0242984 -1.74725 -0.0242984 
0.56 1.1781 1.68576 1.68932 1.68576 0.03151 -1.68576 -0.03151 
0.58 1.1781 1.62221 1.62558 1.62221 0.0343153 -1.62221 -0.0343153 
0.6 1.1781 1.55979 1.55931 1.55979 0.03956 -1.55979 -0.03956 
0.62 1.1781 1.49464 1.49624 1.49464 0.0447221 -1.49464 -0.0447221 
0.64 1.1781 1.42509 1.42747 1.42509 0.0470227 -1.42509 -0.0470227 
0.66 1.1781 1.35433 1.35619 1.35433 0.055371 -1.35433 -0.055371 
0.68 1.1781 1.28303 1.28368 1.28303 0.0625934 -1.28303 -0.0625934 
0.7 1.1781 1.20741 1.21038 1.20741 0.0642315 -1.20741 -0.0642315 
0.72 1.1781 1.13156 1.13171 1.13156 0.0732729 -1.13156 -0.0732729 
0.74 1.1781 1.04983 1.04961 1.04983 0.0811216 -1.04983 -0.0811216 
0.76 1.1781 0.968612 0.971133 0.968612 0.0875578 -0.968612 -0.0875578 
0.78 1.1781 0.887146 0.884203 0.887146 0.0926264 -0.887146 -0.0926264 
0.8 1.1781 0.800876 0.801018 0.800876 0.100122 -0.800876 -0.100122 
0.82 1.1781 0.714896 0.71347 0.714896 0.105453 -0.714896 -0.105453 
0.84 1.1781 0.627991 0.627126 0.627991 0.110591 -0.627991 -0.110591 
0.86 1.1781 0.540077 0.539639 0.540077 0.113071 -0.540077 -0.113071 
0.88 1.1781 0.450093 0.451868 0.450093 0.11272 -0.450093 -0.11272 
0.9 1.1781 0.365515 0.365144 0.365515 0.109938 -0.365515 -0.109938 
0.92 1.1781 0.280194 0.280706 0.280194 0.103588 -0.280194 -0.103588 
0.94 1.1781 0.199807 0.199453 0.199807 0.0908202 -0.199807 -0.0908202 
0.96 1.1781 0.124288 0.124223 0.124288 0.0713513 -0.124288 -0.0713513 
0.98 1.1781 0.0567644 0.0566303 0.0567644 0.0421763 -0.0567644 -0.0421763 
