0 1.1781 2.50795 2.4998 2.50795 -0.00184573 -2.50795 0.00184573 
0.01 1.1781 2.49936 2.50194 2.49971 0.00462845 -2.49953 -0.00445185 
0.02 1.1781 2.50746 2.50132 2.50888 -0.000889186 -2.50817 0.00159716 
0.03 1.1781 2.50304 2.50776 2.50623 -0.00248356 -2.50463 0.0040823 
0.04 1.1781 2.50071 2.50701 2.50639 -0.00153919 -2.50355 0.00438117 
0.05 1.1781 2.50754 2.50131 2.51643 0.00254078 -2.51198 0.0018859 
0.06 1.1781 2.50961 2.50433 2.52245 0.00242216 -2.51601 0.00396629 
0.07 1.1781 2.50008 2.51595 2.5175 0.00539916 -2.50876 0.00333599 
0.08 1.1781 2.50616 2.51416 2.52903 0.00505436 -2.51754 0.00636294 
0.09 1.1781 2.5083 2.52443 2.53731 0.00706385 -2.52272 0.00745492 
0.1 1.1781 2.50935 2.52293 2.54534 0.00433773 -2.52722 0.0136247 
0.11 1.1781 2.50719 2.52905 2.55075 0.00916382 -2.52878 0.0126213 
0.12 1.1781 2.51365 2.54336 2.56574 0.0134315 -2.53943 0.0126497 
0.13 1.1781 2.51351 2.54601 2.57485 0.0147097 -2.54381 0.0159824 
0.14 1.1781 2.51244 2.54497 2.58375 0.0182158 -2.54759 0.0173991 
0.15 1.1781 2.51007 2.55734 2.5922 0.019357 -2.55047 0.0218127 
0.16 1.1781 2.52152 2.57154 2.61571 0.0233621 -2.56775 0.0237952 
0.17 1.1781 2.52544 2.58159 2.63237 0.0264087 -2.5778 0.0271281 
0.18 1.1781 2.52411 2.58585 2.64451 0.0286397 -2.58291 0.0316129 
0.19 1.1781 2.52894 2.59508 2.664 0.0316474 -2.59471 0.0358685 
0.2 1.1781 2.53467 2.60966 2.68513 0.0398755 -2.60773 0.0353782 
0.21 1.1781 2.52929 2.61305 2.69612 0.0371422 -2.61005 0.0463251 
0.22 1.1781 2.53783 2.62637 2.72203 0.0483805 -2.6267 0.0436505 
0.23 1.1781 2.54072 2.63674 2.74385 0.0476624 -2.63839 0.0537643 
0.24 1.1781 2.53895 2.65043 2.76158 0.0493441 -2.6456 0.0620742 
0.25 1.1781 2.55168 2.67175 2.79566 0.0578574 -2.6681 0.0641713 
0.26 1.1781 2.55428 2.67798 2.8196 0.0683717 -2.68039 0.064007 
0.27 1.1781 2.55658 2.69052 2.84483 0.0747493 -2.693 0.0690355 
0.28 1.1781 2.56582 2.71809 2.87977 0.0762021 -2.71374 0.0807603 
0.29 1.1781 2.56985 2.73041 2.9092 0.0857046 -2.729 0.083733 
0.3 1.1781 2.57441 2.75459 2.94219 0.0846671 -2.74604 0.0993845 
0.31 1.1781 2.5802 2.76705 2.97719 0.0899828 -2.76454 0.108187 
0.32 1.1781 2.58565 2.78962 3.01214 0.103063 -2.78262 0.110096 
0.33 1.1781 2.59023 2.81308 3.04913 0.107735 -2.80098 0.121936 
0.34 1.1781 2.59595 2.83284 3.08866 0.115242 -2.82093 0.131217 
0.35 1.1781 2.60317 2.8496 3.12955 0.133316 -2.8421 0.129444 
0.36 1.1781 2.60824 2.88279 3.1738 0.133012 -2.86328 0.150323 
0.37 1.1781 2.61803 2.90176 3.22375 0.14194 -2.88944 0.160567 
0.38 1.1781 2.61994 2.93394 3.26573 0.152972 -2.90725 0.1709 
0.39 1.1781 2.63204 2.96339 3.32161 0.167538 -2.93665 0.178021 
0.4 1.1781 2.63773 2.98293 3.3748 0.171009 -2.96095 0.197442 
0.41 1.1781 2.64778 3.01577 3.43353 0.184229 -2.98966 0.208723 
0.42 1.1781 2.6621 3.05234 3.50017 0.198866 -3.02381 0.220148 
0.43 1.1781 2.66887 3.08265 3.56423 0.200491 -3.05207 0.246951 
0.44 1.1781 2.68357 3.11834 3.63732 0.216045 -3.08824 0.25992 
0.45 1.1781 2.68779 3.15976 3.69913 0.232574 -3.11281 0.274151 
0.46 1.1781 2.70308 3.19207 3.77972 0.248024 -3.15139 0.289572 
0.47 1.1781 2.72399 3.23684 3.86975 0.269716 -3.19643 0.30144 
0.48 1.1781 2.72548 3.27913 3.94295 0.276606 -3.22211 0.332305 
0.49 1.1781 2.74789 3.32181 4.04437 0.296861 -3.27128 0.349082 
0.5 1.1781 2.74958 3.37225 4.12604 0.306184 -3.29868 0.382858 
0.51 1.1781 2.76088 3.41121 4.22023 0.32662 -3.33634 0.402583 
0.52 1.1781 2.78026 3.47122 4.33495 0.344378 -3.38575 0.432868 
0.53 1.1781 2.79772 3.52376 4.45232 0.362368 -3.434 0.463605 
0.54 1.1781 2.8131 3.57865 4.57154 0.382643 -3.48031 0.494723 
0.55 1.1781 2.83496 3.63968 4.70051 0.414179 -3.533 0.515903 
0.56 1.1781 2.8457 3.71386 4.82719 0.435125 -3.57563 0.557677 
0.57 1.1781 2.86469 3.77658 4.97753 0.453126 -3.63132 0.603395 
0.58 1.1781 2.88022 3.84877 5.12226 0.482402 -3.68034 0.640896 
0.59 1.1781 2.90908 3.92348 5.29695 0.515545 -3.74728 0.677896 
0.6 1.1781 2.92633 3.99951 5.46991 0.539666 -3.80337 0.731743 
0.61 1.1781 2.9498 4.09118 5.66538 0.567102 -3.86851 0.791699 
0.62 1.1781 2.97743 4.18497 5.8706 0.605444 -3.93701 0.84264 
0.63 1.1781 3.00277 4.28441 6.09535 0.636126 -4.00727 0.912354 
0.64 1.1781 3.02838 4.38653 6.33218 0.671095 -4.07814 0.98347 
0.65 1.1781 3.06795 4.49174 6.60336 0.716289 -4.16679 1.04782 
0.66 1.1781 3.09341 4.61504 6.86764 0.761238 -4.23692 1.12836 
0.67 1.1781 3.13371 4.74611 7.18147 0.810893 -4.32902 1.21413 
0.68 1.1781 3.17098 4.88258 7.51271 0.861674 -4.41836 1.31024 
0.69 1.1781 3.21148 5.02009 7.89334 0.90474 -4.51967 1.42914 
0.7 1.1781 3.24873 5.20262 8.28891 0.96147 -4.61097 1.56446 
0.71 1.1781 3.29356 5.35924 8.71096 1.02793 -4.71108 1.682 
0.72 1.1781 3.35335 5.56037 9.2167 1.10096 -4.83428 1.83107 
0.73 1.1781 3.4038 5.7558 9.74228 1.17344 -4.94549 1.99403 
0.74 1.1781 3.4636 5.97752 10.3223 1.2615 -5.06458 2.16718 
0.75 1.1781 3.52302 6.22536 10.9742 1.34988 -5.18564 2.38025 
0.76 1.1781 3.60226 6.51715 11.7367 1.45636 -5.33098 2.62057 
0.77 1.1781 3.68597 6.80772 12.5718 1.57133 -5.48087 2.87328 
0.78 1.1781 3.77013 7.13007 13.5591 1.67749 -5.64296 3.20234 
0.79 1.1781 3.86309 7.52075 14.6115 1.82458 -5.78821 3.55477 
0.8 1.1781 3.97519 7.93777 15.8489 1.98453 -5.96068 3.95327 
0.81 1.1781 4.08596 8.38399 17.2347 2.15405 -6.12302 4.41501 
0.82 1.1781 4.23416 8.94026 18.9465 2.35968 -6.32593 4.98369 
0.83 1.1781 4.39079 9.58005 20.9278 2.59218 -6.51742 5.67015 
0.84 1.1781 4.57679 10.2884 23.2044 2.87254 -6.71468 6.43031 
0.85 1.1781 4.77976 11.1136 25.9257 3.18868 -6.9004 7.37395 
0.86 1.1781 5.02728 12.1299 29.3348 3.56699 -7.09855 8.57858 
0.87 1.1781 5.308 13.3308 33.3856 4.02685 -7.24527 10.0419 
0.88 1.1781 5.63904 14.7743 38.4974 4.57092 -7.36432 11.9101 
0.89 1.1781 6.07169 16.5858 45.2104 5.25601 -7.48217 14.3357 
0.9 1.1781 6.60018 18.8539 53.9057 6.11893 -7.4933 17.5154 
0.91 1.1781 7.26346 21.8144 65.3854 7.25721 -7.27595 21.818 
0.92 1.1781 8.16459 25.7473 81.1014 8.81244 -6.7676 27.7047 
0.93 1.1781 9.39147 31.3554 104.325 10.9925 -5.65079 36.5831 
0.94 1.1781 11.1239 39.4565 140.026 14.1319 -3.47805 50.2407 
0.95 1.1781 13.8837 52.5022 197.916 19.319 1.21885 72.8851 
0.96 1.1781 18.4827 75.0749 304.64 28.2446 11.3327 114.786 
0.97 1.1781 27.7202 121.487 531.776 46.8657 36.9741 205.288 
0.98 1.1781 51.6812 246.777 1178.85 97.3932 120.545 465.428 
0.99 1.1781 168.538 885.015 4644.24 357.714 633.665 1878.31 
