0 1.1781 2.5 2.5 2.5 0 -2.5 0 
0.01 1.1781 2.50007 2.50025 2.50043 8.83985e-05 -2.50025 8.84047e-05 
0.02 1.1781 2.50029 2.501 2.50171 0.000353716 -2.501 0.000353816 
0.03 1.1781 2.50066 2.50225 2.50385 0.000796317 -2.50225 0.000796824 
0.04 1.1781 2.50117 2.50401 2.50684 0.00141681 -2.50401 0.00141842 
0.05 1.1781 2.50184 2.50627 2.51071 0.00221606 -2.50626 0.00221999 
0.06 1.1781 2.50265 2.50904 2.51544 0.00319517 -2.50903 0.00320333 
0.07 1.1781 2.50361 2.51232 2.52106 0.00435549 -2.5123 0.00437065 
0.08 1.1781 2.50472 2.51612 2.52757 0.00569866 -2.51609 0.00572459 
0.09 1.1781 2.50598 2.52044 2.53497 0.00722655 -2.52039 0.00726823 
0.1 1.1781 2.5074 2.52528 2.54329 0.00894132 -2.52522 0.00900509 
0.11 1.1781 2.50898 2.53067 2.55255 0.0108454 -2.53057 0.0109392 
0.12 1.1781 2.51071 2.53659 2.56274 0.0129415 -2.53646 0.0130749 
0.13 1.1781 2.5126 2.54307 2.5739 0.0152327 -2.54288 0.0154174 
0.14 1.1781 2.51466 2.5501 2.58605 0.0177222 -2.54985 0.017972 
0.15 1.1781 2.51688 2.55771 2.5992 0.0204137 -2.55738 0.0207449 
0.16 1.1781 2.51927 2.5659 2.61338 0.0233112 -2.56547 0.0237426 
0.17 1.1781 2.52184 2.57468 2.62862 0.0264191 -2.57412 0.0269726 
0.18 1.1781 2.52458 2.58406 2.64495 0.0297419 -2.58336 0.0304427 
0.19 1.1781 2.5275 2.59407 2.66239 0.0332848 -2.59319 0.0341614 
0.2 1.1781 2.5306 2.60471 2.68099 0.0370532 -2.60362 0.0381383 
0.21 1.1781 2.5339 2.616 2.70077 0.0410531 -2.61467 0.0423833 
0.22 1.1781 2.53738 2.62796 2.72178 0.0452907 -2.62635 0.0469075 
0.23 1.1781 2.54107 2.64061 2.74406 0.0497729 -2.63866 0.0517227 
0.24 1.1781 2.54495 2.65397 2.76765 0.054507 -2.65163 0.0568418 
0.25 1.1781 2.54905 2.66806 2.79261 0.0595009 -2.66528 0.0622786 
0.26 1.1781 2.55337 2.6829 2.81899 0.0647629 -2.67961 0.0680482 
0.27 1.1781 2.55791 2.69851 2.84685 0.0703021 -2.69465 0.0741665 
0.28 1.1781 2.56268 2.71494 2.87624 0.0761282 -2.71041 0.0806512 
0.29 1.1781 2.56769 2.73219 2.90723 0.0822515 -2.72692 0.0875211 
0.3 1.1781 2.57294 2.75031 2.9399 0.0886832 -2.7442 0.0947966 
0.31 1.1781 2.57845 2.76932 2.97432 0.095435 -2.76226 0.1025 
0.32 1.1781 2.58423 2.78927 3.01058 0.10252 -2.78114 0.110654 
0.33 1.1781 2.59029 2.81019 3.04876 0.109951 -2.80085 0.119286 
0.34 1.1781 2.59663 2.83211 3.08896 0.117744 -2.82144 0.128422 
0.35 1.1781 2.60327 2.85509 3.13128 0.125914 -2.84291 0.138094 
0.36 1.1781 2.61022 2.87917 3.17584 0.134477 -2.86531 0.148334 
0.37 1.1781 2.61749 2.9044 3.22275 0.143453 -2.88867 0.159177 
0.38 1.1781 2.62511 2.93083 3.27215 0.15286 -2.91303 0.170663 
0.39 1.1781 2.63308 2.95852 3.32418 0.16272 -2.93841 0.182832 
0.4 1.1781 2.64142 2.98753 3.37899 0.173055 -2.96485 0.195731 
0.41 1.1781 2.65015 3.01793 3.43675 0.183889 -2.99241 0.209409 
0.42 1.1781 2.65929 3.04979 3.49763 0.19525 -3.02112 0.223921 
0.43 1.1781 2.66886 3.08319 3.56184 0.207164 -3.05103 0.239325 
0.44 1.1781 2.67888 3.11821 3.62958 0.219663 -3.08219 0.255687 
0.45 1.1781 2.68938 3.15494 3.7011 0.23278 -3.11465 0.273077 
0.46 1.1781 2.70039 3.19349 3.77663 0.246551 -3.14847 0.291572 
0.47 1.1781 2.71192 3.23395 3.85647 0.261015 -3.18371 0.311259 
0.48 1.1781 2.72402 3.27645 3.94091 0.276215 -3.22043 0.332231 
0.49 1.1781 2.73671 3.3211 4.03029 0.292197 -3.25871 0.354592 
0.5 1.1781 2.75004 3.36806 4.12496 0.30901 -3.29861 0.378455 
0.51 1.1781 2.76403 3.41745 4.22534 0.326711 -3.34022 0.403946 
0.52 1.1781 2.77874 3.46946 4.33187 0.345359 -3.38361 0.431206 
0.53 1.1781 2.79421 3.52425 4.44503 0.36502 -3.42888 0.460389 
0.54 1.1781 2.8105 3.58203 4.56537 0.385767 -3.47613 0.491668 
0.55 1.1781 2.82765 3.64301 4.69348 0.407679 -3.52545 0.525235 
0.56 1.1781 2.84573 3.70742 4.83003 0.430845 -3.57696 0.561305 
0.57 1.1781 2.86481 3.77553 4.97577 0.45536 -3.63078 0.600118 
0.58 1.1781 2.88497 3.84764 5.13153 0.481333 -3.68702 0.641945 
0.59 1.1781 2.90628 3.92405 5.29823 0.508882 -3.74584 0.68709 
0.6 1.1781 2.92885 4.00513 5.47692 0.538141 -3.80737 0.735895 
0.61 1.1781 2.95276 4.09127 5.66877 0.569257 -3.87178 0.788749 
0.62 1.1781 2.97814 4.18293 5.87511 0.602396 -3.93923 0.846093 
0.63 1.1781 3.0051 4.28059 6.09745 0.637744 -4.00991 0.908429 
0.64 1.1781 3.03381 4.38483 6.33749 0.675511 -4.08401 0.976331 
0.65 1.1781 3.0644 4.49627 6.59718 0.715933 -4.16174 1.05046 
0.66 1.1781 3.09707 4.61563 6.87877 0.759279 -4.24334 1.13157 
0.67 1.1781 3.13202 4.74372 7.1848 0.805854 -4.32904 1.22054 
0.68 1.1781 3.16947 4.88149 7.51826 0.856007 -4.41911 1.31838 
0.69 1.1781 3.2097 5.02998 7.88257 0.910138 -4.51383 1.42629 
0.7 1.1781 3.25301 5.19043 8.28173 0.96871 -4.61349 1.54565 
0.71 1.1781 3.29975 5.36426 8.72045 1.03226 -4.71842 1.6781 
0.72 1.1781 3.35031 5.55311 9.20424 1.1014 -4.82895 1.82557 
0.73 1.1781 3.40517 5.75892 9.73964 1.17687 -4.94543 1.99036 
0.74 1.1781 3.46488 5.98394 10.3344 1.25953 -5.06822 2.17525 
0.75 1.1781 3.53007 6.23087 10.998 1.3504 -5.1977 2.38356 
0.76 1.1781 3.60153 6.50289 11.7416 1.45068 -5.33423 2.61934 
0.77 1.1781 3.68015 6.80384 12.5789 1.56185 -5.47815 2.88753 
0.78 1.1781 3.76703 7.13836 13.5269 1.68567 -5.62977 3.19426 
0.79 1.1781 3.86351 7.51212 14.6064 1.82431 -5.78929 3.54714 
0.8 1.1781 3.9712 7.9321 15.8436 1.98045 -5.95679 3.95576 
0.81 1.1781 4.09212 8.40699 17.2716 2.15743 -6.13212 4.4323 
0.82 1.1781 4.22878 8.94775 18.9327 2.35948 -6.31477 4.99246 
0.83 1.1781 4.38437 9.56837 20.8818 2.592 -6.50364 5.65673 
0.84 1.1781 4.56296 10.287 23.1914 2.862 -6.69674 6.45222 
0.85 1.1781 4.7699 11.1274 25.9583 3.17874 -6.89065 7.41546 
0.86 1.1781 5.01225 12.1216 29.3146 3.55465 -7.07968 8.59652 
0.87 1.1781 5.2996 13.3132 33.4445 4.00682 -7.25443 10.0656 
0.88 1.1781 5.64524 14.7637 38.6108 4.55924 -7.3994 11.9236 
0.89 1.1781 6.06812 16.5613 45.1997 5.24659 -7.48872 14.3192 
0.9 1.1781 6.59608 18.8374 53.7969 6.12068 -7.47836 17.4797 
0.91 1.1781 7.27168 21.7954 65.3276 7.26188 -7.29124 21.7661 
0.92 1.1781 8.16296 25.765 81.3229 8.80102 -6.78708 27.779 
0.93 1.1781 9.38515 31.3125 104.471 10.9637 -5.69711 36.5791 
0.94 1.1781 11.148 39.4852 139.853 14.1686 -3.47008 50.1838 
0.95 1.1781 13.8718 52.4164 198.062 19.2723 1.13433 72.823 
0.96 1.1781 18.5163 75.0698 304.351 28.2767 11.2943 114.641 
0.97 1.1781 27.7472 121.508 532.095 46.8803 36.9055 205.294 
0.98 1.1781 51.7949 246.939 1177.31 97.5721 120.676 465.188 
0.99 1.1781 168.62 883.655 4630.8 357.517 632.399 1873.57 
