10 -10 0.12 -0.0357898 -0.0954317
10 -9.9 0.12 0.0495164 -0.0276179
10 -9.8 0.12 0.0622872 0.0585
10 -9.7 0.12 0.0741472 -0.00320535
10 -9.6 0.12 -0.0214304 -0.00913085
10 -9.5 0.12 -0.0104693 -0.0617233
10 -9.4 0.12 -0.00847089 -0.106607
10 -9.3 0.12 -0.0153117 -0.11687
10 -9.2 0.12 -0.0347084 -0.0197461
10 -9.1 0.12 0.000861443 0.0696719
10 -9 0.12 0.0977283 -0.0484605
10 -8.9 0.12 0.0170082 -0.054754
10 -8.8 0.12 -0.00219621 0.0198793
10 -8.7 0.12 -0.00244102 0.0295426
10 -8.6 0.12 -0.00281248 -0.0616161
10 -8.5 0.12 0.0589902 -0.0280228
10 -8.4 0.12 -0.00980548 0.11731
10 -8.3 0.12 0.0581593 -0.0702497
10 -8.2 0.12 0.0839602 0.0263081
10 -8.1 0.12 -0.0807451 -0.0857715
10 -8 0.12 0.0528212 0.0164279
10 -7.9 0.12 0.08051 0.0203176
10 -7.8 0.12 -0.0299456 0.105618
10 -7.7 0.12 -0.0286612 0.0289839
10 -7.6 0.12 0.105837 -0.0340009
10 -7.5 0.12 0.0209964 0.117389
10 -7.4 0.12 0.0794796 0.0857575
10 -7.3 0.12 -0.066328 0.00307589
10 -7.2 0.12 0.096125 0.035561
10 -7.1 0.12 -0.0966847 0.009957
10 -7 0.12 -0.100017 0.0528148
10 -6.9 0.12 -0.0589045 0.025112
10 -6.8 0.12 0.100563 0.0609542
10 -6.7 0.12 -0.0402163 -0.0458575
10 -6.6 0.12 0.0108057 0.0247161
10 -6.5 0.12 0.0201141 -0.110075
10 -6.4 0.12 0.105118 0.0369876
10 -6.3 0.12 0.0817667 -0.0556331
10 -6.2 0.12 -0.105105 0.0432572
10 -6.1 0.12 -0.0404193 0.0019939
10 -6 0.12 0.0605676 -0.053184
10 -5.9 0.12 -0.0616229 0.00925153
10 -5.8 0.12 0.0280249 -0.0872913
10 -5.7 0.12 0.00266655 0.0833404
10 -5.6 0.12 -0.117704 -0.0141934
10 -5.5 0.12 -0.0308096 0.0264556
10 -5.4 0.12 -0.0184697 0.10448
10 -5.3 0.12 0.0642384 -0.0834746
10 -5.2 0.12 0.000283642 -0.0530785
10 -5.1 0.12 -0.0589579 -0.043391
10 -5 0.12 -0.0488525 0.00326138
10 -4.9 0.12 0.0655646 -0.0893937
10 -4.8 0.12 -0.0511114 -0.0540962
10 -4.7 0.12 0.064896 -0.0162948
10 -4.6 0.12 -0.0325879 -0.109207
10 -4.5 0.12 0.0244831 -0.0451007
10 -4.4 0.12 -0.00402031 0.018685
10 -4.3 0.12 -0.0431443 -0.0875483
10 -4.2 0.12 0.0295603 -0.0882892
10 -4.1 0.12 -0.073693 -0.081156
10 -4 0.12 -0.0968503 0.0445133
10 -3.9 0.12 -0.0112606 0.036794
10 -3.8 0.12 0.0185229 -0.0220893
10 -3.7 0.12 0.0800202 0.0522508
10 -3.6 0.12 -0.095868 0.0126741
10 -3.5 0.12 -0.0590578 0.0790678
10 -3.4 0.12 -0.0490278 0.079975
10 -3.3 0.12 0.0477177 0.0257207
10 -3.2 0.12 0.0355119 -0.00311706
10 -3.1 0.12 -0.118672 -0.0029969
10 -3 0.12 -0.0375116 0.112702
10 -2.9 0.12 -0.0859481 0.0613337
10 -2.8 0.12 -0.0636511 0.0356436
10 -2.7 0.12 -0.112227 -0.0390454
10 -2.6 0.12 -0.0842619 -0.080882
10 -2.5 0.12 0.0831448 0.0518354
10 -2.4 0.12 0.0155797 -0.079291
10 -2.3 0.12 0.0557089 -0.0356982
10 -2.2 0.12 0.023955 -0.0419039
10 -2.1 0.12 0.0985273 -0.0495525
10 -2 0.12 -0.0750554 -0.0279877
10 -1.9 0.12 -0.118367 0.0171749
10 -1.8 0.12 0.109637 0.0428857
10 -1.7 0.12 -0.023895 0.0728721
10 -1.6 0.12 0.040452 -0.104876
10 -1.5 0.12 0.0130319 -0.0866036
10 -1.4 0.12 -0.0501743 0.0626506
10 -1.3 0.12 0.0702176 -0.0969566
10 -1.2 0.12 -0.0633515 0.0359794
10 -1.1 0.12 -0.0429947 -0.00515823
10 -1 0.12 0.0112978 0.0023137
10 -0.9 0.12 -0.114057 0.0251733
10 -0.8 0.12 -0.00038298 -0.0646777
10 -0.7 0.12 0.102414 -0.0539086
10 -0.6 0.12 0.10348 0.00133905
10 -0.5 0.12 -0.0826281 0.0530184
10 -0.4 0.12 0.0163446 0.0258879
10 -0.3 0.12 -0.107744 -0.00216525
10 -0.2 0.12 -0.0295764 -0.108408
10 -0.1 0.12 -0.0724718 0.0950086
10 0 0.12 0.0926899 -0.0242733
10 0.1 0.12 0.0980925 -0.0537249
10 0.2 0.12 -0.0295095 -0.101146
10 0.3 0.12 0.106158 -0.00595747
10 0.4 0.12 0.0261014 0.0159955
10 0.5 0.12 -0.0464244 -0.0633668
10 0.6 0.12 -0.0743196 -0.0322554
10 0.7 0.12 -0.0411482 0.0355011
10 0.8 0.12 0.0668281 -0.0781339
10 0.9 0.12 0.0313215 -0.0483659
10 1 0.12 0.0240339 0.117487
10 1.1 0.12 -0.0106466 0.0330996
10 1.2 0.12 0.0851007 0.00846572
10 1.3 0.12 0.104221 -0.00141808
10 1.4 0.12 -0.0705572 -0.0928431
10 1.5 0.12 0.0286562 0.11632
10 1.6 0.12 0.00832913 0.00659355
10 1.7 0.12 -0.0477544 -0.0187015
10 1.8 0.12 0.0413902 -0.0993019
10 1.9 0.12 0.0559218 0.0984985
10 2 0.12 -0.0748305 0.0598187
10 2.1 0.12 0.0816669 0.0831834
10 2.2 0.12 -0.108719 0.0298564
10 2.3 0.12 -0.025388 0.117044
10 2.4 0.12 0.0518986 -0.0598808
10 2.5 0.12 -0.0945064 -0.012909
10 2.6 0.12 -0.113182 0.0293421
10 2.7 0.12 -0.00292331 0.0412925
10 2.8 0.12 -0.0113374 -0.0916251
10 2.9 0.12 -0.0732666 -0.0240547
10 3 0.12 0.0982698 0.0155193
10 3.1 0.12 0.103834 -0.0281734
10 3.2 0.12 0.0376462 0.0983284
10 3.3 0.12 0.0211344 -0.0581426
10 3.4 0.12 0.0659536 -0.0117628
10 3.5 0.12 -0.105118 -0.00967487
10 3.6 0.12 0.00411744 -0.108283
10 3.7 0.12 0.0764451 0.00616162
10 3.8 0.12 -0.1126 0.0355385
10 3.9 0.12 0.0603222 -0.0699742
10 4 0.12 0.0372756 -0.0200492
10 4.1 0.12 -0.0267611 0.103468
10 4.2 0.12 0.0514883 -0.0510649
10 4.3 0.12 -0.044793 -0.0506188
10 4.4 0.12 0.0520099 0.094552
10 4.5 0.12 -0.0465029 -0.0774469
10 4.6 0.12 0.0149685 -0.109612
10 4.7 0.12 0.102017 -0.00867831
10 4.8 0.12 0.0351829 -0.112383
10 4.9 0.12 -0.0477183 -0.109878
10 5 0.12 0.0623854 0.048508
10 5.1 0.12 0.073646 0.0536402
10 5.2 0.12 0.0354119 0.0959708
10 5.3 0.12 0.0973279 0.0437643
10 5.4 0.12 -0.109237 0.000198095
10 5.5 0.12 0.0461138 -0.0298843
10 5.6 0.12 -0.109971 0.0421457
10 5.7 0.12 0.0819703 -0.0415618
10 5.8 0.12 0.0688621 -0.0981345
10 5.9 0.12 0.0448637 0.108232
10 6 0.12 0.0961778 0.0641442
10 6.1 0.12 0.0867729 -0.0259559
10 6.2 0.12 -0.084173 0.0623129
10 6.3 0.12 0.0126791 0.0799861
10 6.4 0.12 0.0796479 0.00644761
10 6.5 0.12 0.0242318 0.0990874
10 6.6 0.12 0.0223967 -0.0421762
10 6.7 0.12 -0.0765868 0.0336869
10 6.8 0.12 -0.0371629 0.0988161
10 6.9 0.12 -0.0343696 0.0358652
10 7 0.12 0.116824 0.0168019
10 7.1 0.12 0.0552658 -0.0484767
10 7.2 0.12 -0.0261727 -0.109431
10 7.3 0.12 -0.0536281 -0.0765683
10 7.4 0.12 -0.0668635 -0.0829637
10 7.5 0.12 -0.0446638 0.0314949
10 7.6 0.12 0.0216527 0.0603359
10 7.7 0.12 -0.0796666 -0.0621301
10 7.8 0.12 -0.0122962 -0.00357965
10 7.9 0.12 0.0611279 0.0470568
10 8 0.12 0.102006 -0.0138764
10 8.1 0.12 -0.0226893 -0.0865229
10 8.2 0.12 0.0704943 -0.0949863
10 8.3 0.12 -0.0969221 0.00364193
10 8.4 0.12 -0.0232955 0.0859635
10 8.5 0.12 0.0177979 0.0998986
10 8.6 0.12 0.100724 0.0379359
10 8.7 0.12 -0.0186511 0.0916335
10 8.8 0.12 -0.0428868 0.0217307
10 8.9 0.12 -0.0905158 0.0222672
10 9 0.12 0.0750967 0.0260167
10 9.1 0.12 -0.0490367 -0.105064
10 9.2 0.12 0.0518703 0.0742291
10 9.3 0.12 -0.0168596 0.0236173
10 9.4 0.12 -0.0627107 -0.0872946
10 9.5 0.12 0.00483819 0.102997
10 9.6 0.12 0.0420432 0.105587
10 9.7 0.12 -0.0943704 0.0500673
10 9.8 0.12 -0.0816863 0.0576832
10 9.9 0.12 -0.0844817 0.0835919
