12 -10 0.12 -0.0243787 -0.00344008
12 -9.9 0.12 0.0337387 -0.103515
12 -9.8 0.12 0.0203501 0.0728665
12 -9.7 0.12 0.0232427 -0.0244756
12 -9.6 0.12 -0.0271408 0.0918274
12 -9.5 0.12 0.0724882 0.0890121
12 -9.4 0.12 -0.062562 0.0165187
12 -9.3 0.12 -0.028169 -0.00213497
12 -9.2 0.12 -0.0749666 -0.0205084
12 -9.1 0.12 0.0799994 -0.0310976
12 -9 0.12 -0.00997062 -0.0727855
12 -8.9 0.12 -0.111149 -0.00296933
12 -8.8 0.12 -0.0345533 -0.0530146
12 -8.7 0.12 -0.045415 0.0536669
12 -8.6 0.12 -0.0289523 0.00634833
12 -8.5 0.12 -0.0508759 0.00909962
12 -8.4 0.12 0.0646683 -0.017638
12 -8.3 0.12 0.0973631 -0.0453908
12 -8.2 0.12 0.102878 -0.0336781
12 -8.1 0.12 -0.0554688 0.0289521
12 -8 0.12 -0.068227 0.0280873
12 -7.9 0.12 0.0770384 -0.0724044
12 -7.8 0.12 0.000597978 -0.0814175
12 -7.7 0.12 -0.101257 -0.00310183
12 -7.6 0.12 0.0471561 0.00782483
12 -7.5 0.12 -0.099014 0.0418213
12 -7.4 0.12 -0.0231608 -0.0814915
12 -7.3 0.12 0.0788055 0.00533624
12 -7.2 0.12 0.0805385 0.0705561
12 -7.1 0.12 -0.0945973 0.0579398
12 -7 0.12 -0.0920105 0.0470252
12 -6.9 0.12 -0.00979015 -0.116649
12 -6.8 0.12 -0.0107697 0.101102
12 -6.7 0.12 0.0786189 -0.0875166
12 -6.6 0.12 -0.0261658 -0.076086
12 -6.5 0.12 0.0568155 0.0943462
12 -6.4 0.12 -0.070763 0.0734561
12 -6.3 0.12 -0.00805657 0.0138051
12 -6.2 0.12 0.0542489 -0.0777454
12 -6.1 0.12 -0.00652011 0.0574932
12 -6 0.12 -0.0559054 -0.0709164
12 -5.9 0.12 0.0200086 -0.039386
12 -5.8 0.12 -0.0185966 0.0973227
12 -5.7 0.12 -0.00532922 0.108666
12 -5.6 0.12 -0.0376268 0.0560042
12 -5.5 0.12 -0.117976 0.0178811
12 -5.4 0.12 0.0470584 0.0540683
12 -5.3 0.12 -0.0607527 0.0353792
12 -5.2 0.12 -0.0219493 0.0323688
12 -5.1 0.12 -0.0281047 -0.0603728
12 -5 0.12 0.0382399 0.113512
12 -4.9 0.12 0.102505 0.025506
12 -4.8 0.12 -0.0735041 0.0576054
12 -4.7 0.12 -0.0640919 0.0514821
12 -4.6 0.12 -0.0379757 0.0233585
12 -4.5 0.12 0.0778751 0.0627504
12 -4.4 0.12 0.0986926 -0.00872971
12 -4.3 0.12 -0.0984428 0.0643186
12 -4.2 0.12 0.0294926 0.0212992
12 -4.1 0.12 0.115929 0.0130167
12 -4 0.12 0.0686187 0.0628103
12 -3.9 0.12 -0.0989062 0.039252
12 -3.8 0.12 -0.0259196 0.0959417
12 -3.7 0.12 -0.100401 0.0542031
12 -3.6 0.12 -0.08893 -0.0635252
12 -3.5 0.12 0.076542 0.0135575
12 -3.4 0.12 -0.0664587 0.0934266
12 -3.3 0.12 0.11466 -0.0010202
12 -3.2 0.12 -0.0550383 0.0255842
12 -3.1 0.12 0.0593335 -0.0131671
12 -3 0.12 0.117391 0.0121189
12 -2.9 0.12 0.0288567 -0.0515136
12 -2.8 0.12 0.0146615 0.0917956
12 -2.7 0.12 -0.0150355 -0.0319477
12 -2.6 0.12 -0.0540198 0.0458757
12 -2.5 0.12 -0.0405416 0.0671941
12 -2.4 0.12 0.0615964 0.102336
12 -2.3 0.12 -0.0198382 0.0135243
12 -2.2 0.12 -0.00950162 0.112103
12 -2.1 0.12 0.0504555 -0.107921
12 -2 0.12 -0.101951 0.061564
12 -1.9 0.12 0.0259479 -0.00398274
12 -1.8 0.12 -0.0495075 -0.0368063
12 -1.7 0.12 -0.00113526 0.114873
12 -1.6 0.12 -0.0541387 0.0902493
12 -1.5 0.12 -0.0509633 -0.0854506
12 -1.4 0.12 -0.0100639 0.0187028
12 -1.3 0.12 0.0611369 -0.00270008
12 -1.2 0.12 -0.0576739 -0.0973505
12 -1.1 0.12 0.0272863 -0.0256417
12 -1 0.12 0.0565501 0.0896584
12 -0.9 0.12 -0.0295562 0.0543339
12 -0.8 0.12 -0.0709228 0.052833
12 -0.7 0.12 -0.0398666 -0.0227388
12 -0.6 0.12 0.0956342 -0.036769
12 -0.5 0.12 0.0256804 -0.0990651
12 -0.4 0.12 -0.0865693 -0.0515124
12 -0.3 0.12 0.0115073 0.0379108
12 -0.2 0.12 0.0408565 -0.101276
12 -0.1 0.12 0.0234193 0.115171
12 0 0.12 -0.0323001 0.105513
12 0.1 0.12 0.00895211 -0.0485484
12 0.2 0.12 -0.0617409 0.0256368
12 0.3 0.12 -0.000443262 0.0395844
12 0.4 0.12 -0.00804149 -0.0602646
12 0.5 0.12 0.0986353 -0.0240521
12 0.6 0.12 0.00210032 -0.0168099
12 0.7 0.12 0.0460125 0.0902806
12 0.8 0.12 0.0190991 0.0194199
12 0.9 0.12 0.0778317 -0.00416105
12 1 0.12 0.0540542 0.0182168
12 1.1 0.12 0.0514841 -0.0823457
12 1.2 0.12 0.00238009 0.0821898
12 1.3 0.12 -0.01459 -0.0897713
12 1.4 0.12 -0.076744 0.0790357
12 1.5 0.12 0.0363305 0.0192205
12 1.6 0.12 0.0594268 -0.0181642
12 1.7 0.12 0.09641 0.021779
12 1.8 0.12 -0.111086 0.033082
12 1.9 0.12 0.0617572 -0.00280139
12 2 0.12 0.106849 -0.00660486
12 2.1 0.12 0.00762167 0.104116
12 2.2 0.12 -0.0887933 0.0208869
12 2.3 0.12 0.045728 -0.0243834
12 2.4 0.12 -0.0592616 -0.0948463
12 2.5 0.12 -0.0745797 -0.0388066
12 2.6 0.12 -0.0540578 0.0836721
12 2.7 0.12 -0.0668205 0.00969824
12 2.8 0.12 0.0674274 -0.0187047
12 2.9 0.12 -0.0811356 0.0360778
12 3 0.12 0.0265525 0.0271169
12 3.1 0.12 -0.101716 0.01808
12 3.2 0.12 -0.021849 -0.0220111
12 3.3 0.12 0.0141659 0.00797399
12 3.4 0.12 -0.00012154 0.0707963
12 3.5 0.12 -0.00387514 -0.0567101
12 3.6 0.12 -0.0726734 0.0826602
12 3.7 0.12 0.0700336 -0.0866715
12 3.8 0.12 0.11025 -0.0313219
12 3.9 0.12 -0.00824575 -0.117244
12 4 0.12 0.113212 -0.0274776
12 4.1 0.12 0.0188274 0.00627477
12 4.2 0.12 -0.0669279 0.075052
12 4.3 0.12 0.022439 -0.0527204
12 4.4 0.12 -0.0286612 0.0686262
12 4.5 0.12 0.0451613 -0.10771
12 4.6 0.12 0.0836698 0.0778154
12 4.7 0.12 -0.0866123 0.0218647
12 4.8 0.12 0.01259 -0.0633498
12 4.9 0.12 -0.0934707 0.0598871
12 5 0.12 -0.0455061 0.0781508
12 5.1 0.12 0.0614623 0.0857793
12 5.2 0.12 0.0240417 -0.112389
12 5.3 0.12 -0.00997356 0.103328
12 5.4 0.12 -0.037978 -0.111956
12 5.5 0.12 -0.0778584 -0.0309143
12 5.6 0.12 0.0396163 -0.112237
12 5.7 0.12 0.00437469 -0.030787
12 5.8 0.12 -0.022334 0.0590416
12 5.9 0.12 -0.0840565 -0.0117543
12 6 0.12 -0.00738381 0.0485602
12 6.1 0.12 -0.0217569 0.114689
12 6.2 0.12 0.0177744 -0.0940321
12 6.3 0.12 -0.05252 0.0587936
12 6.4 0.12 0.0680818 0.0353683
12 6.5 0.12 -0.0796524 -0.0425635
12 6.6 0.12 0.00911731 -0.0738312
12 6.7 0.12 0.105081 -0.018133
12 6.8 0.12 -0.117853 0.0100763
12 6.9 0.12 -0.0283423 0.0913695
12 7 0.12 0.00497282 -0.119825
12 7.1 0.12 0.0194685 -0.0881562
12 7.2 0.12 0.00588391 0.0376286
12 7.3 0.12 0.0418328 -0.0250368
12 7.4 0.12 -0.0436791 0.022821
12 7.5 0.12 0.0314576 -0.029864
12 7.6 0.12 -0.0043165 -0.0977166
12 7.7 0.12 0.0436046 0.00806662
12 7.8 0.12 -0.0230629 -0.00691409
12 7.9 0.12 0.0624747 0.0885638
12 8 0.12 0.0285602 0.106958
12 8.1 0.12 0.0215979 -0.040955
12 8.2 0.12 0.0908336 0.0584228
12 8.3 0.12 -0.0998732 -0.0576186
12 8.4 0.12 0.0359235 0.0632813
12 8.5 0.12 0.0364752 -0.0657593
12 8.6 0.12 0.103013 0.026564
12 8.7 0.12 0.0553281 -0.0682772
12 8.8 0.12 -0.0893695 -0.0366622
12 8.9 0.12 -0.0476523 0.0018782
12 9 0.12 -0.080678 0.0319982
12 9.1 0.12 -0.0338231 -0.0868601
12 9.2 0.12 0.0815197 0.0478433
12 9.3 0.12 0.0982609 -0.0555752
12 9.4 0.12 0.0875159 0.0206254
12 9.5 0.12 0.0978097 -0.0369048
12 9.6 0.12 -0.0586815 0.00610696
12 9.7 0.12 -0.0735973 -0.0735234
12 9.8 0.12 -0.06368 -0.0246205
12 9.9 0.12 0.0375723 0.0689037
