18 -10 0.12 0.101056 -0.0389325
18 -9.9 0.12 0.00400792 -0.112211
18 -9.8 0.12 0.025843 -0.0166008
18 -9.7 0.12 0.0675831 0.0349303
18 -9.6 0.12 0.0294298 -0.0157805
18 -9.5 0.12 0.112366 0.0165191
18 -9.4 0.12 -0.0185256 -0.0868042
18 -9.3 0.12 -0.111589 0.0335589
18 -9.2 0.12 0.0896257 -0.0604357
18 -9.1 0.12 0.0787339 0.0204896
18 -9 0.12 0.055022 0.102219
18 -8.9 0.12 0.0588819 0.0764075
18 -8.8 0.12 -0.0957797 -0.0627112
18 -8.7 0.12 0.0436048 0.0707087
18 -8.6 0.12 -0.035797 -0.0886783
18 -8.5 0.12 -0.00128294 0.0912186
18 -8.4 0.12 0.00078619 -0.00839833
18 -8.3 0.12 0.0351481 -0.058685
18 -8.2 0.12 0.0721319 -0.0890377
18 -8.1 0.12 -0.0279909 0.0849137
18 -8 0.12 0.0108353 -0.105971
18 -7.9 0.12 -0.0357982 -0.0327356
18 -7.8 0.12 0.0866802 -0.0192286
18 -7.7 0.12 -0.0803939 -0.0483248
18 -7.6 0.12 0.0900224 -0.0186064
18 -7.5 0.12 -0.0882841 0.0252419
18 -7.4 0.12 0.0886041 0.0196091
18 -7.3 0.12 -0.0871914 0.0322308
18 -7.2 0.12 -0.0551574 0.0725123
18 -7.1 0.12 -0.0893889 0.0139971
18 -7 0.12 0.0859598 0.00849535
18 -6.9 0.12 0.1041 0.0239081
18 -6.8 0.12 0.107708 0.0425165
18 -6.7 0.12 -0.0956793 -0.0720298
18 -6.6 0.12 0.0490491 0.0925694
18 -6.5 0.12 -0.0113637 0.0529954
18 -6.4 0.12 0.0821253 -0.0619534
18 -6.3 0.12 -0.0278022 0.025833
18 -6.2 0.12 0.068817 -0.0640785
18 -6.1 0.12 0.0742508 0.0703189
18 -6 0.12 0.0553946 0.0634362
18 -5.9 0.12 -0.0114031 -0.0482747
18 -5.8 0.12 0.0354197 -0.0780743
18 -5.7 0.12 0.00979799 0.0162566
18 -5.6 0.12 0.114272 0.00932444
18 -5.5 0.12 0.0139987 0.0987715
18 -5.4 0.12 0.0343183 -0.00898563
18 -5.3 0.12 -0.0801016 -0.0649778
18 -5.2 0.12 0.0721346 0.0313449
18 -5.1 0.12 -0.0133392 -0.0833464
18 -5 0.12 -0.0579559 -0.104545
18 -4.9 0.12 -0.109786 0.043396
18 -4.8 0.12 0.105654 0.0261045
18 -4.7 0.12 0.106165 -0.0535291
18 -4.6 0.12 0.00487604 0.0155495
18 -4.5 0.12 0.0430118 -0.111818
18 -4.4 0.12 0.0844042 0.0123596
18 -4.3 0.12 0.116685 0.00143911
18 -4.2 0.12 -0.0173862 0.0138288
18 -4.1 0.12 -0.0101244 0.0886781
18 -4 0.12 -0.0318904 0.0995977
18 -3.9 0.12 -0.0161079 0.0113439
18 -3.8 0.12 -0.0817452 -0.064861
18 -3.7 0.12 0.0559537 -0.086747
18 -3.6 0.12 -0.0226797 0.0551909
18 -3.5 0.12 -0.0127249 0.113025
18 -3.4 0.12 0.0143228 0.0453148
18 -3.3 0.12 -0.0111001 -0.108969
18 -3.2 0.12 -0.070823 0.0305672
18 -3.1 0.12 -0.00805759 0.00269511
18 -3 0.12 0.0382878 0.0267104
18 -2.9 0.12 -0.0340037 0.0181126
18 -2.8 0.12 -0.0375534 -0.0405341
18 -2.7 0.12 0.109433 0.0169593
18 -2.6 0.12 0.0969369 -0.0354213
18 -2.5 0.12 0.0911501 -0.0358025
18 -2.4 0.12 0.0732164 -0.0615581
18 -2.3 0.12 0.0714569 0.0635337
18 -2.2 0.12 0.101838 0.0143087
18 -2.1 0.12 -0.114937 0.0260847
18 -2 0.12 -0.0156775 -0.078952
18 -1.9 0.12 0.00202422 0.0187073
18 -1.8 0.12 0.0577764 0.0391176
18 -1.7 0.12 0.0423774 0.0722812
18 -1.6 0.12 -0.0799212 0.00194303
18 -1.5 0.12 0.0397596 -0.0917808
18 -1.4 0.12 -0.0962614 0.0657156
18 -1.3 0.12 0.0415305 -0.049123
18 -1.2 0.12 -0.0179878 0.0328236
18 -1.1 0.12 0.071062 -0.0747429
18 -1 0.12 0.0326572 -0.0679873
18 -0.9 0.12 0.0585455 0.00341645
18 -0.8 0.12 0.0232772 0.110219
18 -0.7 0.12 -0.0953657 0.0361811
18 -0.6 0.12 -0.0341158 -0.0264969
18 -0.5 0.12 -0.0294374 -0.0801234
18 -0.4 0.12 -0.0598532 0.0601134
18 -0.3 0.12 -0.0576801 0.0405453
18 -0.2 0.12 -0.0268792 -0.0885484
18 -0.1 0.12 0.0558385 0.080358
18 0 0.12 0.0857369 -0.0310641
18 0.1 0.12 0.0462661 0.0788432
18 0.2 0.12 0.0208019 0.0879916
18 0.3 0.12 0.0967252 -0.00375592
18 0.4 0.12 -0.046631 -0.0532237
18 0.5 0.12 -0.0395219 0.00381441
18 0.6 0.12 -0.00960618 -0.0894438
18 0.7 0.12 -0.0958981 -0.0395252
18 0.8 0.12 -0.0361448 -0.0152035
18 0.9 0.12 0.0791497 -0.00430702
18 1 0.12 0.00816382 0.0281298
18 1.1 0.12 -0.028246 -0.0842291
18 1.2 0.12 0.0677216 -0.0396194
18 1.3 0.12 -0.104765 0.00110752
18 1.4 0.12 -0.0886474 -0.025311
18 1.5 0.12 -0.0988306 -0.0406175
18 1.6 0.12 0.0128311 -0.0812585
18 1.7 0.12 -0.0527099 -0.0701264
18 1.8 0.12 -0.056975 -0.0693159
18 1.9 0.12 0.0619678 0.0895194
18 2 0.12 -0.0308848 -0.0333464
18 2.1 0.12 0.0904617 -0.0302088
18 2.2 0.12 0.100784 0.0345339
18 2.3 0.12 0.0159375 -0.030764
18 2.4 0.12 0.108219 0.03689
18 2.5 0.12 0.0200968 0.0521521
18 2.6 0.12 -0.0741856 -0.0262787
18 2.7 0.12 -0.0192698 0.0991122
18 2.8 0.12 0.0206485 -0.0161084
18 2.9 0.12 -0.0446999 -0.0124588
18 3 0.12 -0.0317377 0.0728745
18 3.1 0.12 0.0121903 -0.0247071
18 3.2 0.12 0.0134914 -0.0828864
18 3.3 0.12 -0.020578 0.101567
18 3.4 0.12 -0.05288 0.0546799
18 3.5 0.12 0.0011755 -0.0397364
18 3.6 0.12 0.0448841 -0.05915
18 3.7 0.12 -0.0477276 0.0972772
18 3.8 0.12 0.0546296 0.00186298
18 3.9 0.12 0.090212 -0.0304326
18 4 0.12 -0.0438756 0.0149742
18 4.1 0.12 0.00527182 0.103199
18 4.2 0.12 0.0587044 0.037295
18 4.3 0.12 -0.088892 0.0675779
18 4.4 0.12 0.0297389 0.0313796
18 4.5 0.12 0.0561785 0.0309183
18 4.6 0.12 0.0746787 -0.0842926
18 4.7 0.12 0.064847 0.0126067
18 4.8 0.12 0.0697524 -0.0840748
18 4.9 0.12 0.03052 0.00494379
18 5 0.12 -0.00386198 -0.0488882
18 5.1 0.12 0.0294696 0.11124
18 5.2 0.12 0.014915 -0.0946367
18 5.3 0.12 -0.0599676 0.0106937
18 5.4 0.12 0.0225392 -0.0524299
18 5.5 0.12 -0.0613284 -0.055913
18 5.6 0.12 -0.0327821 0.11305
18 5.7 0.12 -0.0763631 0.0236541
18 5.8 0.12 0.0349929 0.075659
18 5.9 0.12 -0.0249392 0.0425053
18 6 0.12 -0.0751965 0.0711525
18 6.1 0.12 0.10045 0.0455479
18 6.2 0.12 0.0814225 0.0741294
18 6.3 0.12 0.0217623 0.0707773
18 6.4 0.12 -0.0604003 -0.0110301
18 6.5 0.12 0.0772831 -0.0207022
18 6.6 0.12 0.0552167 0.0611008
18 6.7 0.12 -0.0676366 -0.0307604
18 6.8 0.12 0.00875356 0.0163944
18 6.9 0.12 -0.094411 -0.059149
18 7 0.12 0.0493115 -0.0887871
18 7.1 0.12 0.0138514 -0.0644758
18 7.2 0.12 0.033281 0.106608
18 7.3 0.12 -0.107264 0.0514497
18 7.4 0.12 -0.108848 -0.0187624
18 7.5 0.12 0.0541808 -0.0474616
18 7.6 0.12 -0.0772576 -0.075724
18 7.7 0.12 0.0717652 0.0753879
18 7.8 0.12 0.0196814 0.0631903
18 7.9 0.12 -0.0266278 0.0150278
18 8 0.12 0.0401292 -0.0702313
18 8.1 0.12 -0.0593597 0.0563826
18 8.2 0.12 0.0175351 0.0573511
18 8.3 0.12 -0.0169252 0.0119319
18 8.4 0.12 0.0416249 0.0740686
18 8.5 0.12 -0.0980489 0.0457201
18 8.6 0.12 0.0476366 -0.0466738
18 8.7 0.12 -0.0552215 -0.00377313
18 8.8 0.12 -0.0822655 0.0851562
18 8.9 0.12 0.0764904 0.0400593
18 9 0.12 0.063849 -0.0457562
18 9.1 0.12 0.053369 -0.0862239
18 9.2 0.12 0.0223595 0.0528625
18 9.3 0.12 0.0985604 -0.0598929
18 9.4 0.12 -0.026204 0.0958564
18 9.5 0.12 0.0025949 0.0993383
18 9.6 0.12 -0.0195094 0.0538594
18 9.7 0.12 -0.0757279 -0.0275892
18 9.8 0.12 -0.016708 -0.117647
18 9.9 0.12 0.0553494 0.0761649
