14 -10 0.12 0.00343945 0.101102
14 -9.9 0.12 0.0406555 0.0200393
14 -9.8 0.12 -0.0292179 -0.0229985
14 -9.7 0.12 -0.0378179 0.101556
14 -9.6 0.12 -0.0380107 -0.0996353
14 -9.5 0.12 -0.103307 0.0341617
14 -9.4 0.12 0.0918609 0.0121152
14 -9.3 0.12 -0.021247 -0.0640234
14 -9.2 0.12 -0.0006998 -0.0815599
14 -9.1 0.12 0.0241165 -0.051203
14 -9 0.12 0.107785 0.0325484
14 -8.9 0.12 -0.0420934 0.0271213
14 -8.8 0.12 -0.0399832 -0.0380569
14 -8.7 0.12 0.0837109 -0.00747531
14 -8.6 0.12 -0.0352302 -0.0941276
14 -8.5 0.12 0.056452 -0.044441
14 -8.4 0.12 -0.0763425 -0.0047435
14 -8.3 0.12 -0.0930983 0.0747554
14 -8.2 0.12 0.0866416 -0.0769645
14 -8.1 0.12 -0.0312008 -0.00771878
14 -8 0.12 0.0276269 0.024449
14 -7.9 0.12 -0.00722474 0.0968292
14 -7.8 0.12 0.111988 0.039867
14 -7.7 0.12 -0.0352888 0.0655742
14 -7.6 0.12 0.100359 -0.0438031
14 -7.5 0.12 0.056472 0.0146911
14 -7.4 0.12 0.0716349 -0.0936316
14 -7.3 0.12 -0.0915126 0.0386716
14 -7.2 0.12 -0.0994882 0.0502479
14 -7.1 0.12 -0.0656492 0.0288256
14 -7 0.12 -0.03684 0.112774
14 -6.9 0.12 -0.0763458 0.0846861
14 -6.8 0.12 -0.0848888 -0.0379194
14 -6.7 0.12 -0.0428286 -0.0446479
14 -6.6 0.12 0.0949704 0.00574046
14 -6.5 0.12 0.0495126 0.100079
14 -6.4 0.12 -0.08509 0.0486382
14 -6.3 0.12 -0.0313441 0.0798472
14 -6.2 0.12 0.0761017 0.00328064
14 -6.1 0.12 -0.0412413 -0.0760983
14 -6 0.12 0.0393976 -0.0825652
14 -5.9 0.12 -0.0326073 -0.112901
14 -5.8 0.12 -0.0597007 -0.036273
14 -5.7 0.12 -0.0184928 -0.0397611
14 -5.6 0.12 -0.0634797 0.00193554
14 -5.5 0.12 0.0307447 0.113272
14 -5.4 0.12 0.0882188 0.000408158
14 -5.3 0.12 0.0191503 -0.0394014
14 -5.2 0.12 0.0463205 0.0392431
14 -5.1 0.12 -0.0893526 0.0296647
14 -5 0.12 0.0522793 0.00935323
14 -4.9 0.12 -0.0769711 0.0894689
14 -4.8 0.12 0.0255783 0.0412999
14 -4.7 0.12 0.0388113 0.110686
14 -4.6 0.12 0.0204261 -0.0929035
14 -4.5 0.12 -0.0230284 0.11123
14 -4.4 0.12 0.0200867 0.0753378
14 -4.3 0.12 -0.09065 0.0728932
14 -4.2 0.12 0.0251448 0.0216128
14 -4.1 0.12 0.0428244 0.0799092
14 -4 0.12 0.112597 -0.0282115
14 -3.9 0.12 -0.0740809 0.0877866
14 -3.8 0.12 -0.0287566 -0.109515
14 -3.7 0.12 0.101996 -0.00275397
14 -3.6 0.12 0.0240337 0.0698421
14 -3.5 0.12 -0.0777187 0.0456281
14 -3.4 0.12 0.0649851 -0.0852282
14 -3.3 0.12 -0.0381814 0.0395521
14 -3.2 0.12 0.0514224 -0.107153
14 -3.1 0.12 -0.0826971 0.0123305
14 -3 0.12 0.0788491 -0.0810757
14 -2.9 0.12 -0.0169924 0.100038
14 -2.8 0.12 0.00824239 0.0411045
14 -2.7 0.12 0.0883169 -0.0175556
14 -2.6 0.12 0.024125 0.0452656
14 -2.5 0.12 -0.015162 0.0236647
14 -2.4 0.12 0.0564862 -0.0633456
14 -2.3 0.12 -0.0694104 0.0692592
14 -2.2 0.12 0.024196 0.00877214
14 -2.1 0.12 -0.0104743 0.115508
14 -2 0.12 -0.00641331 0.104789
14 -1.9 0.12 0.114629 0.0166887
14 -1.8 0.12 -0.105355 -0.0123095
14 -1.7 0.12 -0.0986641 -0.0414939
14 -1.6 0.12 -0.113235 -0.00781102
14 -1.5 0.12 0.0370096 -0.105602
14 -1.4 0.12 -0.00571118 0.0975211
14 -1.3 0.12 -0.0488708 0.10889
14 -1.2 0.12 0.00551345 -0.0582977
14 -1.1 0.12 0.0332304 -0.0733976
14 -1 0.12 0.017284 -0.0362441
14 -0.9 0.12 -0.0516837 -0.033413
14 -0.8 0.12 0.0903571 0.0527898
14 -0.7 0.12 0.00449842 -0.0995672
14 -0.6 0.12 0.00908086 -0.111693
14 -0.5 0.12 0.0385149 0.111437
14 -0.4 0.12 -0.00882953 0.0708625
14 -0.3 0.12 -0.0603348 -0.101185
14 -0.2 0.12 0.11641 0.012382
14 -0.1 0.12 0.00579921 -0.0492517
14 0 0.12 -0.017002 -0.0656853
14 0.1 0.12 -0.00570998 0.0701732
14 0.2 0.12 -0.0134145 -0.00204795
14 0.3 0.12 0.00910823 0.0186124
14 0.4 0.12 0.11652 -0.024449
14 0.5 0.12 0.0443949 0.0241868
14 0.6 0.12 -0.045434 -0.101393
14 0.7 0.12 0.0100923 0.104814
14 0.8 0.12 -0.0377997 -0.107845
14 0.9 0.12 -0.0768152 0.0491842
14 1 0.12 0.0993184 -0.040181
14 1.1 0.12 0.0585083 -0.0965804
14 1.2 0.12 -0.0342216 -0.0835061
14 1.3 0.12 0.0770587 0.061223
14 1.4 0.12 -0.100136 0.0645566
14 1.5 0.12 -0.0436689 0.0545369
14 1.6 0.12 -0.0503809 -0.0779856
14 1.7 0.12 -0.0167262 0.0252603
14 1.8 0.12 0.0675099 -0.0742484
14 1.9 0.12 0.0630039 -0.0768242
14 2 0.12 -0.0176291 0.115338
14 2.1 0.12 0.102585 0.0417328
14 2.2 0.12 0.110942 0.0240136
14 2.3 0.12 0.0490972 0.0109142
14 2.4 0.12 0.0167038 0.0710478
14 2.5 0.12 -0.032511 0.10502
14 2.6 0.12 -0.0112776 0.0882281
14 2.7 0.12 -0.0647802 -0.0964103
14 2.8 0.12 -0.0474442 -0.0680572
14 2.9 0.12 -0.0898408 0.0471131
14 3 0.12 0.0471145 -0.0716394
14 3.1 0.12 -0.0637898 -0.0182932
14 3.2 0.12 -0.0610501 0.102707
14 3.3 0.12 -0.0741513 0.0209218
14 3.4 0.12 -0.0528741 0.0472032
14 3.5 0.12 0.0145971 -0.0845416
14 3.6 0.12 0.0371598 -0.0580214
14 3.7 0.12 -0.0392028 -0.0969149
14 3.8 0.12 0.102409 -0.0299969
14 3.9 0.12 -0.0192977 -0.0423885
14 4 0.12 -0.0456024 -0.0821081
14 4.1 0.12 0.0311369 -0.0838286
14 4.2 0.12 0.10454 -0.0407355
14 4.3 0.12 -0.0934587 -0.0222235
14 4.4 0.12 -0.051282 0.0838416
14 4.5 0.12 0.0165943 0.00355947
14 4.6 0.12 0.0951961 0.0172635
14 4.7 0.12 0.00346019 0.040448
14 4.8 0.12 0.0217483 -0.0920577
14 4.9 0.12 0.105183 -0.0573353
14 5 0.12 -0.0743531 -0.0066572
14 5.1 0.12 0.0447199 -0.0693122
14 5.2 0.12 0.0249936 -0.0126246
14 5.3 0.12 0.0167496 -0.0200536
14 5.4 0.12 -0.0416852 0.0709059
14 5.5 0.12 0.0161683 -0.0969852
14 5.6 0.12 -0.0452173 -0.0508846
14 5.7 0.12 -0.0884879 0.0743357
14 5.8 0.12 0.0953508 0.0102473
14 5.9 0.12 0.0880262 0.0123511
14 6 0.12 0.112514 -0.00504534
14 6.1 0.12 -0.0797836 -0.0814262
14 6.2 0.12 0.0931273 0.0439395
14 6.3 0.12 0.0326949 -0.0840451
14 6.4 0.12 -0.0862508 0.037817
14 6.5 0.12 -0.0957345 -0.0570596
14 6.6 0.12 -0.0973667 -0.0583985
14 6.7 0.12 -0.0414954 -0.0110035
14 6.8 0.12 -0.0939301 0.0727241
14 6.9 0.12 -0.0999154 0.0485806
14 7 0.12 0.0237849 -0.0613055
14 7.1 0.12 0.0361834 -0.040524
14 7.2 0.12 0.0843579 0.0831616
14 7.3 0.12 0.0572244 0.075977
14 7.4 0.12 -0.0198464 -0.0654076
14 7.5 0.12 -0.0982754 -0.0393206
14 7.6 0.12 0.0317433 -0.0244803
14 7.7 0.12 0.036081 0.0374605
14 7.8 0.12 0.0493595 0.0428583
14 7.9 0.12 0.0630307 0.0222127
14 8 0.12 -0.0265454 -0.025966
14 8.1 0.12 -0.0662014 0.0304351
14 8.2 0.12 -0.107884 0.0411581
14 8.3 0.12 0.0852941 -0.00245325
14 8.4 0.12 0.0646929 0.0362031
14 8.5 0.12 0.0316635 -0.00929109
14 8.6 0.12 -0.0439331 -0.0869754
14 8.7 0.12 0.00141609 0.0106912
14 8.8 0.12 -0.0473385 -0.0997253
14 8.9 0.12 0.110668 -0.0162847
14 9 0.12 0.0790103 0.0381981
14 9.1 0.12 -0.0678657 0.0374437
14 9.2 0.12 0.112927 -0.00697517
14 9.3 0.12 0.0162345 -0.00867961
14 9.4 0.12 -0.0524076 -0.0425139
14 9.5 0.12 0.00275417 -0.110143
14 9.6 0.12 0.0173554 0.0657276
14 9.7 0.12 0.025794 0.0763639
14 9.8 0.12 -0.0390131 0.112977
14 9.9 0.12 -0.0342504 0.00111027
