16 -10 0.12 0.060648 -0.0836546
16 -9.9 0.12 0.0855956 -0.059831
16 -9.8 0.12 -0.0524056 0.0066331
16 -9.7 0.12 0.0158818 0.106136
16 -9.6 0.12 0.0859645 -0.00426496
16 -9.5 0.12 -0.0349331 0.0878395
16 -9.4 0.12 -0.100959 -0.0163984
16 -9.3 0.12 0.0451133 -0.0075511
16 -9.2 0.12 -0.117758 0.01033
16 -9.1 0.12 -0.0196468 0.106351
16 -9 0.12 -0.0124684 0.0267687
16 -8.9 0.12 0.00696005 0.0453956
16 -8.8 0.12 0.109804 0.0450489
16 -8.7 0.12 0.0833096 0.0824224
16 -8.6 0.12 0.0426029 -0.0910188
16 -8.5 0.12 0.00713054 -0.0953254
16 -8.4 0.12 -0.0846624 -0.0706703
16 -8.3 0.12 -0.090896 0.041918
16 -8.2 0.12 0.00916064 0.0848372
16 -8.1 0.12 -0.0741586 0.0554917
16 -8 0.12 0.0328061 -0.0731694
16 -7.9 0.12 -0.00457693 -0.0186886
16 -7.8 0.12 -0.110365 -0.00498946
16 -7.7 0.12 -0.0305832 0.0827747
16 -7.6 0.12 0.00237117 -0.0853533
16 -7.5 0.12 -0.03261 0.0801639
16 -7.4 0.12 -0.0287911 0.0438276
16 -7.3 0.12 0.057775 0.0624837
16 -7.2 0.12 0.0151124 0.0476497
16 -7.1 0.12 0.0616515 0.0697853
16 -7 0.12 -0.00903858 -0.0542689
16 -6.9 0.12 0.0395528 -0.0120209
16 -6.8 0.12 -0.0566892 -0.00315308
16 -6.7 0.12 -0.00347849 -0.114025
16 -6.6 0.12 0.0622121 0.0731709
16 -6.5 0.12 -0.013481 0.0925422
16 -6.4 0.12 0.00188739 0.0845567
16 -6.3 0.12 0.0164325 -0.0273257
16 -6.2 0.12 0.0116162 -0.0294681
16 -6.1 0.12 -0.0299117 0.110015
16 -6 0.12 0.0331249 0.0846845
16 -5.9 0.12 0.00326697 -0.108151
16 -5.8 0.12 0.0021364 -0.101879
16 -5.7 0.12 -0.0401691 -0.011525
16 -5.6 0.12 0.0424204 -0.0812074
16 -5.5 0.12 -0.0536419 -0.0604592
16 -5.4 0.12 0.0433118 -0.0173242
16 -5.3 0.12 0.0533039 0.0734864
16 -5.2 0.12 0.0399911 -0.0700585
16 -5.1 0.12 0.049681 0.0794996
16 -5 0.12 0.116943 0.0243282
16 -4.9 0.12 -0.0880589 0.0814122
16 -4.8 0.12 -0.115369 0.0289564
16 -4.7 0.12 -0.00929963 -0.114554
16 -4.6 0.12 0.036905 -0.0380259
16 -4.5 0.12 0.0102154 -0.0397757
16 -4.4 0.12 0.0912329 -0.0435367
16 -4.3 0.12 -0.0374497 0.0560789
16 -4.2 0.12 0.0767243 -0.0257043
16 -4.1 0.12 -0.0125198 0.0241002
16 -4 0.12 0.0299497 -0.0748835
16 -3.9 0.12 0.00394962 -0.0925406
16 -3.8 0.12 0.0720835 -0.0133288
16 -3.7 0.12 -0.0308123 -0.0134502
16 -3.6 0.12 0.10804 -0.04852
16 -3.5 0.12 -0.112586 -0.0403438
16 -3.4 0.12 -0.034229 -0.0175007
16 -3.3 0.12 0.0796458 0.0731329
16 -3.2 0.12 -0.0104459 0.111193
16 -3.1 0.12 0.00939132 -0.0350689
16 -3 0.12 -0.0185257 -0.10661
16 -2.9 0.12 -0.103852 -0.0524867
16 -2.8 0.12 -0.0416956 -0.0910613
16 -2.7 0.12 0.00200926 0.0998853
16 -2.6 0.12 0.0308148 -0.0074029
16 -2.5 0.12 -0.0881338 -0.0537181
16 -2.4 0.12 0.11561 -0.0224321
16 -2.3 0.12 0.0353672 -0.0975273
16 -2.2 0.12 0.0397917 0.0960741
16 -2.1 0.12 -0.0640945 0.0323384
16 -2 0.12 -0.0284466 -0.085438
16 -1.9 0.12 0.0319437 -0.0253447
16 -1.8 0.12 0.0664029 -0.0260903
16 -1.7 0.12 0.0427646 0.0526912
16 -1.6 0.12 -0.107223 -0.00995742
16 -1.5 0.12 -0.0109082 -0.0290499
16 -1.4 0.12 -0.0737227 0.0409789
16 -1.3 0.12 0.0249427 0.0329073
16 -1.2 0.12 -0.112384 -0.00332438
16 -1.1 0.12 -0.0908161 0.0366395
16 -1 0.12 -0.104796 0.0116187
16 -0.9 0.12 -0.0492747 -0.0521767
16 -0.8 0.12 0.0020923 -0.083427
16 -0.7 0.12 -0.0927267 -0.0586609
16 -0.6 0.12 -0.0607333 0.0895993
16 -0.5 0.12 0.0960327 0.0307583
16 -0.4 0.12 0.1 0.00660977
16 -0.3 0.12 0.0381635 0.00655664
16 -0.2 0.12 0.065521 0.0463988
16 -0.1 0.12 -0.078223 -0.0835021
16 0 0.12 -0.0486579 -0.101457
16 0.1 0.12 -0.0243738 -0.00875905
16 0.2 0.12 0.0542812 -0.0591965
16 0.3 0.12 0.0937691 0.0356221
16 0.4 0.12 -0.0271502 0.097249
16 0.5 0.12 -0.0654679 -0.0791528
16 0.6 0.12 -0.0494114 0.0825427
16 0.7 0.12 0.0634116 0.0724805
16 0.8 0.12 0.106869 -0.0279537
16 0.9 0.12 0.00277655 0.0235481
16 1 0.12 0.0589239 -0.097167
16 1.1 0.12 0.0257799 -0.00658479
16 1.2 0.12 0.061633 0.0909445
16 1.3 0.12 -0.0136646 0.0295124
16 1.4 0.12 -0.0214171 -0.0589201
16 1.5 0.12 0.0137886 -0.0788049
16 1.6 0.12 0.0803203 -0.0586882
16 1.7 0.12 -0.0635969 -0.0213927
16 1.8 0.12 -0.0354998 -0.0987054
16 1.9 0.12 0.0898852 -0.00463034
16 2 0.12 0.0954334 -0.0726446
16 2.1 0.12 0.014562 -0.00140056
16 2.2 0.12 0.0429391 0.0915828
16 2.3 0.12 -0.0631991 0.0133876
16 2.4 0.12 -0.0737866 -0.063802
16 2.5 0.12 0.0289652 0.110462
16 2.6 0.12 0.041082 -0.0881907
16 2.7 0.12 -0.0198009 -0.0188707
16 2.8 0.12 0.0618676 -0.0651435
16 2.9 0.12 -0.112237 -0.0189378
16 3 0.12 -0.0791995 0.0876809
16 3.1 0.12 0.0604474 -0.00438607
16 3.2 0.12 0.0448482 -0.0406281
16 3.3 0.12 0.0780048 0.0461574
16 3.4 0.12 0.0216956 0.0862626
16 3.5 0.12 -0.0884503 0.0193034
16 3.6 0.12 0.00897362 0.0933016
16 3.7 0.12 -0.0887658 -0.043309
16 3.8 0.12 0.0511803 -0.0441171
16 3.9 0.12 -0.0713606 -0.00884513
16 4 0.12 -0.0341648 -0.0407791
16 4.1 0.12 -0.0414235 -0.0296156
16 4.2 0.12 0.0794305 -0.00817994
16 4.3 0.12 -0.0462238 0.0331656
16 4.4 0.12 -0.0765115 0.0834748
16 4.5 0.12 0.0355907 0.0573716
16 4.6 0.12 -0.029341 -0.053444
16 4.7 0.12 0.0263681 -0.101845
16 4.8 0.12 0.015132 0.11145
16 4.9 0.12 -0.0484888 -0.0402401
16 5 0.12 0.0261446 0.00346409
16 5.1 0.12 -0.0305277 -0.0772956
16 5.2 0.12 0.0381899 -0.0382975
16 5.3 0.12 -0.0406264 -0.0320773
16 5.4 0.12 0.0391319 0.112718
16 5.5 0.12 -0.0180321 -0.057584
16 5.6 0.12 -0.059265 0.0377796
16 5.7 0.12 0.0773341 -0.0773222
16 5.8 0.12 0.00674212 0.0111568
16 5.9 0.12 -0.059016 -0.0787672
16 6 0.12 0.0325403 -0.102677
16 6.1 0.12 0.0721836 -0.0385417
16 6.2 0.12 -0.035208 0.0791598
16 6.3 0.12 -0.0429489 -0.0379513
16 6.4 0.12 0.0347419 -0.103246
16 6.5 0.12 -0.0663937 -0.0304587
16 6.6 0.12 0.017882 -0.0117835
16 6.7 0.12 -0.0968349 0.050668
16 6.8 0.12 -0.0871173 -0.0180086
16 6.9 0.12 -0.00348778 0.0244445
16 7 0.12 -0.0441383 -0.0369985
16 7.1 0.12 0.058663 -0.100216
16 7.2 0.12 0.0628374 0.0470877
16 7.3 0.12 0.040776 0.0841195
16 7.4 0.12 0.0734663 -0.0863374
16 7.5 0.12 -0.0805147 -0.0353914
16 7.6 0.12 0.0111722 -0.0821888
16 7.7 0.12 0.102062 0.0404498
16 7.8 0.12 0.0823921 0.0869956
16 7.9 0.12 -0.0150501 -0.0757896
16 8 0.12 -0.0974078 -0.00802348
16 8.1 0.12 -0.0886023 0.0777282
16 8.2 0.12 -0.0782355 0.0723195
16 8.3 0.12 -0.0540951 0.0946365
16 8.4 0.12 0.0762024 -0.0163532
16 8.5 0.12 0.116434 -0.00774527
16 8.6 0.12 0.0322341 0.112161
16 8.7 0.12 -0.0824748 0.0317676
16 8.8 0.12 -0.0541686 -0.0218353
16 8.9 0.12 -0.0672334 0.0461869
16 9 0.12 -0.0915643 0.0745861
16 9.1 0.12 -0.0480048 0.0669378
16 9.2 0.12 -0.0290452 0.072314
16 9.3 0.12 0.00859026 -0.0383998
16 9.4 0.12 -0.0260643 -0.0929369
16 9.5 0.12 -0.0508246 0.104269
16 9.6 0.12 -0.0461894 -0.0821992
16 9.7 0.12 -0.10924 -0.0290082
16 9.8 0.12 -0.00560598 0.0565505
16 9.9 0.12 -0.0929248 0.0330965
