2 -10 0.12 0.0624496 -0.0707771
2 -9.9 0.12 0.020604 0.0803728
2 -9.8 0.12 0.00156402 0.028376
2 -9.7 0.12 -0.107038 -0.026511
2 -9.6 0.12 0.0152088 0.0396995
2 -9.5 0.12 0.00212669 -0.0148506
2 -9.4 0.12 -0.0540465 -0.00139025
2 -9.3 0.12 -0.0460022 0.00668081
2 -9.2 0.12 0.0639421 0.0710183
2 -9.1 0.12 -0.0842832 0.0271058
2 -9 0.12 0.023944 -0.0392854
2 -8.9 0.12 -0.11366 -0.0337321
2 -8.8 0.12 0.0504129 -0.00593621
2 -8.7 0.12 0.0942322 0.049588
2 -8.6 0.12 -0.0637639 0.0129834
2 -8.5 0.12 0.0394043 0.0251477
2 -8.4 0.12 -0.0886566 0.0355839
2 -8.3 0.12 0.0317365 -0.0969826
2 -8.2 0.12 -0.00181833 0.0480842
2 -8.1 0.12 -0.0591557 0.0815264
2 -8 0.12 0.0180994 0.117082
2 -7.9 0.12 -0.0594606 -0.0275399
2 -7.8 0.12 -0.019627 -0.061786
2 -7.7 0.12 0.00650414 0.119707
2 -7.6 0.12 -0.0833747 -0.0506355
2 -7.5 0.12 0.0267397 -0.0778638
2 -7.4 0.12 -0.0536748 0.0860711
2 -7.3 0.12 0.0151741 0.0696452
2 -7.2 0.12 0.0820857 0.0791325
2 -7.1 0.12 0.055314 -0.0415027
2 -7 0.12 -0.0421037 -0.0870023
2 -6.9 0.12 -0.0675037 -0.096991
2 -6.8 0.12 0.0150362 -0.0753554
2 -6.7 0.12 -0.0679292 0.0503438
2 -6.6 0.12 -0.0245887 0.0735708
2 -6.5 0.12 0.0313659 0.109028
2 -6.4 0.12 0.087463 0.0202778
2 -6.3 0.12 0.0383003 -0.021066
2 -6.2 0.12 -0.062105 0.0763255
2 -6.1 0.12 -0.0497012 -0.0973979
2 -6 0.12 -0.0312264 0.0639613
2 -5.9 0.12 0.0217692 -0.11064
2 -5.8 0.12 0.115787 -0.021032
2 -5.7 0.12 0.0780857 -0.00685906
2 -5.6 0.12 0.0468937 0.0412545
2 -5.5 0.12 0.0884716 -0.00867186
2 -5.4 0.12 0.0627114 -0.0975965
2 -5.3 0.12 0.0461507 -0.11071
2 -5.2 0.12 -0.100037 -0.055198
2 -5.1 0.12 -0.0367349 0.00015819
2 -5 0.12 0.0528636 -0.00723744
2 -4.9 0.12 0.0240807 -0.0248777
2 -4.8 0.12 -0.0433948 0.0191789
2 -4.7 0.12 0.0395724 0.0462785
2 -4.6 0.12 -0.0464848 -0.0191875
2 -4.5 0.12 -0.0375772 -0.0809761
2 -4.4 0.12 0.0135422 0.0521662
2 -4.3 0.12 -0.00342587 -0.0683406
2 -4.2 0.12 0.0722475 0.0893378
2 -4.1 0.12 0.0538679 -0.0363522
2 -4 0.12 0.00907603 0.112844
2 -3.9 0.12 0.0820341 -0.0337081
2 -3.8 0.12 -0.00621644 0.0755845
2 -3.7 0.12 -0.0494812 -0.0430882
2 -3.6 0.12 -0.0742941 -0.09205
2 -3.5 0.12 -0.0476043 -0.0942892
2 -3.4 0.12 -0.052085 -0.0970884
2 -3.3 0.12 -0.110562 -0.0353141
2 -3.2 0.12 -0.0987328 0.0120783
2 -3.1 0.12 -0.0690008 -0.0259956
2 -3 0.12 0.0738354 0.0309447
2 -2.9 0.12 0.0306483 -0.03444
2 -2.8 0.12 -0.0534765 -0.08332
2 -2.7 0.12 -0.0927603 0.0603153
2 -2.6 0.12 -0.0403558 0.0936813
2 -2.5 0.12 0.0209185 0.00233021
2 -2.4 0.12 0.0903887 -0.0198799
2 -2.3 0.12 0.0232979 0.043684
2 -2.2 0.12 0.0032827 0.00521184
2 -2.1 0.12 0.068003 -0.0890575
2 -2 0.12 0.0425574 0.0374978
2 -1.9 0.12 -0.0717398 0.0102059
2 -1.8 0.12 -0.0799397 -0.0263662
2 -1.7 0.12 0.0810558 0.0249709
2 -1.6 0.12 0.1011 0.0555939
2 -1.5 0.12 0.00220202 -0.0174238
2 -1.4 0.12 -0.114585 -0.00421009
2 -1.3 0.12 -0.0477868 0.0404559
2 -1.2 0.12 0.0776779 0.048823
2 -1.1 0.12 -0.0426207 0.102181
2 -1 0.12 0.0308045 -0.00685509
2 -0.9 0.12 -0.10449 -0.0423291
2 -0.8 0.12 0.0361198 0.0766591
2 -0.7 0.12 0.0803837 -0.0568529
2 -0.6 0.12 0.0630967 -0.0651061
2 -0.5 0.12 -0.0985155 0.0168682
2 -0.4 0.12 0.0557878 -0.0541007
2 -0.3 0.12 -0.0513597 0.0888307
2 -0.2 0.12 -0.0986451 0.034367
2 -0.1 0.12 -0.0262513 -0.0489484
2 0 0.12 0.0956466 -0.0043674
2 0.1 0.12 -0.0747381 0.0421327
2 0.2 0.12 -0.00419075 -0.0870307
2 0.3 0.12 -0.0635755 0.0811096
2 0.4 0.12 0.0420962 -0.102017
2 0.5 0.12 -0.0405535 -0.0704372
2 0.6 0.12 -0.0934584 -0.0155589
2 0.7 0.12 -0.0174956 0.088234
2 0.8 0.12 -0.0363272 -0.0951156
2 0.9 0.12 0.00403867 0.0656648
2 1 0.12 0.0424933 -0.0120143
2 1.1 0.12 0.0369682 0.0363332
2 1.2 0.12 0.0212623 0.109736
2 1.3 0.12 -0.0893224 -0.0357077
2 1.4 0.12 0.0700481 -0.0746799
2 1.5 0.12 0.0606938 0.0345532
2 1.6 0.12 0.103162 -0.00183472
2 1.7 0.12 0.0864471 0.0274319
2 1.8 0.12 0.00116092 -0.0399835
2 1.9 0.12 -0.076631 0.0586233
2 2 0.12 0.07719 -0.0160141
2 2.1 0.12 0.0202716 0.0415396
2 2.2 0.12 -0.0400877 -0.0701177
2 2.3 0.12 -0.0391305 0.0161683
2 2.4 0.12 0.0283326 0.0929006
2 2.5 0.12 0.00609816 0.0697872
2 2.6 0.12 -0.113667 -0.00699912
2 2.7 0.12 -0.0251602 -0.112723
2 2.8 0.12 0.0530737 -0.0737282
2 2.9 0.12 -0.00948418 0.0568248
2 3 0.12 0.0660078 -0.0287998
2 3.1 0.12 -0.0731592 -0.0913327
2 3.2 0.12 0.0168837 0.102825
2 3.3 0.12 0.0473701 -0.10844
2 3.4 0.12 0.0137333 0.0885711
2 3.5 0.12 0.0983606 -0.0494725
2 3.6 0.12 -0.0256861 0.100364
2 3.7 0.12 0.0112535 -0.11523
2 3.8 0.12 0.103313 -0.00356013
2 3.9 0.12 0.00612846 -0.0210529
2 4 0.12 -0.016693 0.0597244
2 4.1 0.12 -0.0856978 -0.0786579
2 4.2 0.12 -0.102339 0.043673
2 4.3 0.12 0.043752 -0.102762
2 4.4 0.12 0.0875812 -0.0750207
2 4.5 0.12 -0.058935 0.0488166
2 4.6 0.12 -0.0106517 -0.0167148
2 4.7 0.12 0.0884728 0.00988677
2 4.8 0.12 -0.0447229 0.0487796
2 4.9 0.12 0.0527582 -0.0904134
2 5 0.12 -0.008681 0.0455338
2 5.1 0.12 0.00230423 0.110479
2 5.2 0.12 -0.0136025 0.118626
2 5.3 0.12 -0.0492655 0.0751497
2 5.4 0.12 0.0361395 -0.0342507
2 5.5 0.12 -0.0647024 0.00638407
2 5.6 0.12 0.0264636 -0.100008
2 5.7 0.12 -0.0971678 -0.046205
2 5.8 0.12 0.00707737 -0.0632099
2 5.9 0.12 -0.0269391 0.107636
2 6 0.12 -0.0461256 0.0859711
2 6.1 0.12 0.0738455 0.0521644
2 6.2 0.12 -0.0677312 0.0672289
2 6.3 0.12 -0.104016 0.00807011
2 6.4 0.12 -0.0315253 -0.0730111
2 6.5 0.12 0.11297 0.0378712
2 6.6 0.12 -0.0292612 0.0636074
2 6.7 0.12 -0.00615267 -0.107923
2 6.8 0.12 -0.0218729 -0.0826692
2 6.9 0.12 0.0304136 0.00735055
2 7 0.12 0.0353925 0.109809
2 7.1 0.12 0.0403908 -0.027001
2 7.2 0.12 0.0369204 -0.0517465
2 7.3 0.12 0.0795988 -0.0226164
2 7.4 0.12 0.0770068 -0.0805239
2 7.5 0.12 0.0244476 0.00779692
2 7.6 0.12 0.05524 -0.0743197
2 7.7 0.12 0.09997 0.0367328
2 7.8 0.12 -0.071028 -0.0499649
2 7.9 0.12 0.00755906 -0.0570658
2 8 0.12 -0.0559437 -0.0662349
2 8.1 0.12 -0.081336 -0.076469
2 8.2 0.12 -0.0533839 -0.0756455
2 8.3 0.12 -0.0299403 0.0213543
2 8.4 0.12 0.0749967 0.0153891
2 8.5 0.12 -0.0193983 -0.0462581
2 8.6 0.12 -0.046112 -0.110383
2 8.7 0.12 -0.0374573 0.0646916
2 8.8 0.12 -0.00448728 0.118139
2 8.9 0.12 -0.107746 -0.0289083
2 9 0.12 -0.0612954 -0.0542708
2 9.1 0.12 0.053977 -0.0805681
2 9.2 0.12 -0.0958396 0.0128248
2 9.3 0.12 0.0885829 0.0460457
2 9.4 0.12 0.0893049 -0.0800456
2 9.5 0.12 0.0469924 -0.0642966
2 9.6 0.12 0.0248575 -0.111513
2 9.7 0.12 0.0846948 0.0650621
2 9.8 0.12 0.0374706 0.0244312
2 9.9 0.12 0.0729326 0.0205916
