4 -10 0.12 0.0589042 -0.0192378
4 -9.9 0.12 -0.0347674 0.00656659
4 -9.8 0.12 -0.00802394 -0.102193
4 -9.7 0.12 -0.0624276 -0.0169203
4 -9.6 0.12 0.063993 0.0212182
4 -9.5 0.12 -0.0878022 0.067616
4 -9.4 0.12 0.0579668 0.0568161
4 -9.3 0.12 -0.0263422 0.0998353
4 -9.2 0.12 0.0805648 -0.0218543
4 -9.1 0.12 -0.0450846 0.0553391
4 -9 0.12 0.0657522 -0.0220635
4 -8.9 0.12 -0.102743 -0.0426163
4 -8.8 0.12 -0.0290866 0.0959778
4 -8.7 0.12 0.0426236 -0.0226915
4 -8.6 0.12 0.0500653 -0.0121608
4 -8.5 0.12 -0.0152031 0.0766342
4 -8.4 0.12 -0.0492032 -0.0332968
4 -8.3 0.12 0.062639 0.0415077
4 -8.2 0.12 -0.0171014 -0.0924072
4 -8.1 0.12 0.00227306 -0.0559079
4 -8 0.12 -0.0322926 0.0992644
4 -7.9 0.12 -0.0509275 0.00502063
4 -7.8 0.12 -0.0398582 -0.0282605
4 -7.7 0.12 0.0390793 -0.0810299
4 -7.6 0.12 0.0777612 0.0353987
4 -7.5 0.12 -0.0138036 0.0181665
4 -7.4 0.12 0.0301725 0.0523751
4 -7.3 0.12 0.00854087 -0.0352691
4 -7.2 0.12 -0.102135 0.0490591
4 -7.1 0.12 0.059711 0.014933
4 -7 0.12 0.041866 -0.070084
4 -6.9 0.12 -0.0399189 0.0887147
4 -6.8 0.12 0.103887 0.00932683
4 -6.7 0.12 0.0246346 0.117068
4 -6.6 0.12 -0.005465 -0.0420736
4 -6.5 0.12 -0.0156732 -0.0965806
4 -6.4 0.12 0.0885175 0.0792329
4 -6.3 0.12 0.00231006 -0.106106
4 -6.2 0.12 0.0339806 -0.103395
4 -6.1 0.12 0.0919718 0.0367078
4 -6 0.12 -0.0535533 -0.0607673
4 -5.9 0.12 -0.00420357 0.104323
4 -5.8 0.12 -0.0192625 0.0181931
4 -5.7 0.12 -0.0610093 0.0594806
4 -5.6 0.12 -0.106845 0.0142965
4 -5.5 0.12 0.0894573 -0.075957
4 -5.4 0.12 0.0657456 0.007311
4 -5.3 0.12 -0.103361 0.0271029
4 -5.2 0.12 -0.00333314 0.111682
4 -5.1 0.12 -0.0117567 -0.0673254
4 -5 0.12 0.0017874 0.104737
4 -4.9 0.12 -0.113161 -0.0294478
4 -4.8 0.12 0.05304 -0.0986035
4 -4.7 0.12 0.00316679 -0.119089
4 -4.6 0.12 -0.0909815 -0.0548509
4 -4.5 0.12 -0.00739065 -0.0423611
4 -4.4 0.12 0.0229751 -0.00305389
4 -4.3 0.12 -0.0512997 -0.101114
4 -4.2 0.12 -0.051689 0.103595
4 -4.1 0.12 0.0538077 0.050587
4 -4 0.12 0.105422 -0.025137
4 -3.9 0.12 -0.0460276 0.10481
4 -3.8 0.12 -0.097677 -0.0452697
4 -3.7 0.12 -0.0455911 0.0740733
4 -3.6 0.12 -0.0900185 0.000426933
4 -3.5 0.12 0.0947517 -0.0305502
4 -3.4 0.12 0.0102572 -0.0663889
4 -3.3 0.12 -0.0784134 0.0458843
4 -3.2 0.12 0.0540063 0.0195213
4 -3.1 0.12 0.0178019 -0.118609
4 -3 0.12 -0.0253118 0.115986
4 -2.9 0.12 0.100059 0.0089584
4 -2.8 0.12 -0.037076 -0.0266292
4 -2.7 0.12 0.010677 -0.117323
4 -2.6 0.12 -0.0611503 0.0244291
4 -2.5 0.12 0.0102162 -0.0666366
4 -2.4 0.12 0.108387 0.00746978
4 -2.3 0.12 -0.00548417 -0.0688512
4 -2.2 0.12 0.0209526 -0.0748211
4 -2.1 0.12 -0.0169899 -0.00138355
4 -2 0.12 0.0669115 -0.0375985
4 -1.9 0.12 -0.0802269 0.0643591
4 -1.8 0.12 0.0614439 0.0971572
4 -1.7 0.12 0.0993404 0.0424291
4 -1.6 0.12 0.00245461 0.0252526
4 -1.5 0.12 -0.0567665 0.0624001
4 -1.4 0.12 0.0145874 -0.117423
4 -1.3 0.12 0.0490321 0.0386991
4 -1.2 0.12 -0.0246948 -0.10579
4 -1.1 0.12 -0.0998836 0.0578951
4 -1 0.12 0.00799163 -0.0132568
4 -0.9 0.12 0.0157116 -0.0927953
4 -0.8 0.12 -0.090344 -0.0366228
4 -0.7 0.12 -0.0947242 -0.0291415
4 -0.6 0.12 0.0208578 0.0295063
4 -0.5 0.12 -0.061909 0.0981185
4 -0.4 0.12 0.00663351 0.0774577
4 -0.3 0.12 -0.0798952 -0.0116864
4 -0.2 0.12 -0.0966818 0.0110305
4 -0.1 0.12 0.050059 0.102321
4 0 0.12 -0.114666 -0.00531637
4 0.1 0.12 0.0358065 -0.0342356
4 0.2 0.12 -0.063569 0.0732065
4 0.3 0.12 -0.0241597 -0.0317978
4 0.4 0.12 0.0169358 -0.0374525
4 0.5 0.12 -0.0868428 -0.00529281
4 0.6 0.12 -0.0125583 -0.0997054
4 0.7 0.12 0.0307816 0.106367
4 0.8 0.12 -0.0254103 -0.103391
4 0.9 0.12 0.0506423 0.0106262
4 1 0.12 -0.0675128 -0.0444191
4 1.1 0.12 -0.0995361 0.0386723
4 1.2 0.12 0.0743532 -0.0723926
4 1.3 0.12 -0.0444764 -0.0105028
4 1.4 0.12 0.0483933 0.00442579
4 1.5 0.12 0.0771013 0.0836928
4 1.6 0.12 0.0946737 -0.0707789
4 1.7 0.12 0.00844491 -0.0293013
4 1.8 0.12 -0.068382 -0.0392798
4 1.9 0.12 0.0370953 0.0262691
4 2 0.12 0.029924 0.11521
4 2.1 0.12 -0.0420868 -0.0365354
4 2.2 0.12 0.0310209 -0.0582848
4 2.3 0.12 0.109305 -0.00453916
4 2.4 0.12 0.0735315 0.0879429
4 2.5 0.12 -0.0784708 0.038829
4 2.6 0.12 -0.0656792 0.0483774
4 2.7 0.12 0.0727927 -0.0628587
4 2.8 0.12 0.0597784 0.0299717
4 2.9 0.12 -0.0594253 0.102041
4 3 0.12 0.0327946 -0.0377054
4 3.1 0.12 -0.0758388 -0.0716436
4 3.2 0.12 -0.0593934 -0.0346904
4 3.3 0.12 0.00515169 -0.00746476
4 3.4 0.12 -0.0173507 0.00111813
4 3.5 0.12 0.060069 0.0871535
4 3.6 0.12 -0.0636678 -0.0334229
4 3.7 0.12 -0.0246277 -0.0740986
4 3.8 0.12 0.0743794 0.0840422
4 3.9 0.12 0.0991776 0.0462726
4 4 0.12 -0.0355182 0.0250037
4 4.1 0.12 0.0248101 0.02711
4 4.2 0.12 -0.0138274 -0.0624865
4 4.3 0.12 0.0780349 -0.0817039
4 4.4 0.12 -0.0428652 -0.0858506
4 4.5 0.12 -0.0565882 0.0557049
4 4.6 0.12 -0.0139177 0.040931
4 4.7 0.12 -0.0736607 -0.00624854
4 4.8 0.12 -0.0165033 -0.0760876
4 4.9 0.12 -0.079547 0.0159947
4 5 0.12 0.0247174 0.00579471
4 5.1 0.12 -0.0472609 -0.0536179
4 5.2 0.12 0.0281516 -0.0899901
4 5.3 0.12 0.107754 0.0267661
4 5.4 0.12 0.0372875 0.00204313
4 5.5 0.12 -0.0780435 0.0599846
4 5.6 0.12 0.00561511 0.0507384
4 5.7 0.12 -0.0226743 0.0560492
4 5.8 0.12 -0.00191343 0.1099
4 5.9 0.12 0.0636558 0.101345
4 6 0.12 0.0597718 -0.0496702
4 6.1 0.12 -0.0452792 -0.0574452
4 6.2 0.12 -0.0141962 0.00656452
4 6.3 0.12 -0.00157308 0.0171932
4 6.4 0.12 -0.014204 0.0558191
4 6.5 0.12 -0.0863536 -0.0583089
4 6.6 0.12 0.012918 -0.0689812
4 6.7 0.12 0.115804 -0.00571789
4 6.8 0.12 0.0495608 0.0346481
4 6.9 0.12 0.00445956 0.0164878
4 7 0.12 0.0223507 0.0964674
4 7.1 0.12 0.0669678 0.0643933
4 7.2 0.12 -0.112387 0.0184788
4 7.3 0.12 -0.0594709 0.0749245
4 7.4 0.12 0.00201092 0.00773861
4 7.5 0.12 -0.0198707 0.0966058
4 7.6 0.12 0.105022 -0.0387016
4 7.7 0.12 -0.0258315 -0.026573
4 7.8 0.12 0.00890677 -0.0616415
4 7.9 0.12 -0.0203639 -0.115608
4 8 0.12 0.0849418 0.0603536
4 8.1 0.12 0.0315373 -0.114035
4 8.2 0.12 0.0808757 -0.000963968
4 8.3 0.12 -0.0740088 -0.0214639
4 8.4 0.12 -0.0691727 -0.0545235
4 8.5 0.12 0.0176086 -0.0263529
4 8.6 0.12 -0.0253087 -0.0464874
4 8.7 0.12 -0.0677125 -0.0933738
4 8.8 0.12 -0.110719 -0.0371849
4 8.9 0.12 0.0516657 -0.0766218
4 9 0.12 0.0822893 -0.00450869
4 9.1 0.12 0.0670855 0.0881579
4 9.2 0.12 -0.0374603 0.0548324
4 9.3 0.12 -0.0345304 0.0953957
4 9.4 0.12 0.0104095 0.0716701
4 9.5 0.12 -0.0424563 0.0442015
4 9.6 0.12 -0.0193998 0.104949
4 9.7 0.12 -0.0237817 -0.105203
4 9.8 0.12 -0.0331294 0.0225695
4 9.9 0.12 0.0191595 -0.0847405
