6 -10 0.12 -0.0711592 0.0893832
6 -9.9 0.12 0.06591 0.0751011
6 -9.8 0.12 -0.0141299 0.0702504
6 -9.7 0.12 -0.00212267 0.0543946
6 -9.6 0.12 0.00115625 0.047364
6 -9.5 0.12 -0.0336919 -0.0932676
6 -9.4 0.12 0.0146123 0.0849488
6 -9.3 0.12 0.0214048 -0.0259189
6 -9.2 0.12 -0.0376111 0.0692185
6 -9.1 0.12 -0.00455867 -0.118771
6 -9 0.12 0.0405056 -0.108267
6 -8.9 0.12 0.032602 -0.0407261
6 -8.8 0.12 0.0171367 0.117351
6 -8.7 0.12 -0.0957374 -0.036714
6 -8.6 0.12 0.0246635 -0.0547156
6 -8.5 0.12 0.0259651 0.0595199
6 -8.4 0.12 -0.0234437 0.00211015
6 -8.3 0.12 -0.0186283 -0.0401296
6 -8.2 0.12 -0.00337081 0.0558993
6 -8.1 0.12 0.0266494 0.0270489
6 -8 0.12 0.109459 0.0125961
6 -7.9 0.12 -0.0646506 0.0329518
6 -7.8 0.12 0.0734116 -0.0263288
6 -7.7 0.12 0.0133142 -0.0536961
6 -7.6 0.12 -0.04981 0.01399
6 -7.5 0.12 -0.0910786 -0.0759856
6 -7.4 0.12 0.010912 0.107481
6 -7.3 0.12 0.0296842 0.0381096
6 -7.2 0.12 -0.109937 -0.0346152
6 -7.1 0.12 -0.0737045 0.0694619
6 -7 0.12 0.0863706 0.0432328
6 -6.9 0.12 0.0864197 0.0711226
6 -6.8 0.12 -0.0932951 0.0199938
6 -6.7 0.12 0.0819554 -0.0269082
6 -6.6 0.12 -0.0340681 -0.0015114
6 -6.5 0.12 -0.0718248 -0.0887133
6 -6.4 0.12 -0.0252931 0.105132
6 -6.3 0.12 0.0607438 -0.059693
6 -6.2 0.12 -0.00481492 0.109723
6 -6.1 0.12 0.0336369 -0.0933376
6 -6 0.12 -0.0607767 0.0932894
6 -5.9 0.12 -0.110705 0.0282412
6 -5.8 0.12 -0.0711217 -0.068315
6 -5.7 0.12 0.0803354 0.0479943
6 -5.6 0.12 -0.0151487 -0.0959936
6 -5.5 0.12 -0.00800547 -0.0714073
6 -5.4 0.12 -0.00647015 0.105536
6 -5.3 0.12 -0.0255703 0.0230245
6 -5.2 0.12 -0.0320864 0.110995
6 -5.1 0.12 0.0926765 -0.0515044
6 -5 0.12 0.0506946 0.0226606
6 -4.9 0.12 0.0772782 -0.0647009
6 -4.8 0.12 -0.026489 -0.0620543
6 -4.7 0.12 -0.0644917 -0.0223774
6 -4.6 0.12 -0.0906476 0.0651904
6 -4.5 0.12 0.0247668 0.0402856
6 -4.4 0.12 0.000471042 0.0384156
6 -4.3 0.12 0.00456136 0.0426039
6 -4.2 0.12 0.0660777 0.00428003
6 -4.1 0.12 0.0657785 -0.0592368
6 -4 0.12 0.0627122 -0.0271648
6 -3.9 0.12 -0.0645352 0.00293974
6 -3.8 0.12 -0.0627978 0.0907436
6 -3.7 0.12 -0.0143831 0.0565563
6 -3.6 0.12 -0.0735086 -0.0744227
6 -3.5 0.12 0.0176367 -0.00969468
6 -3.4 0.12 -0.0281651 0.0747425
6 -3.3 0.12 0.00847629 -0.106225
6 -3.2 0.12 0.102165 -0.0556666
6 -3.1 0.12 0.0593152 -0.0160757
6 -3 0.12 0.0302924 0.1117
6 -2.9 0.12 0.108641 -0.00405666
6 -2.8 0.12 0.0594949 -0.0700817
6 -2.7 0.12 -0.0775071 0.0906031
6 -2.6 0.12 -0.0962434 0.0459959
6 -2.5 0.12 -0.00601905 0.0441066
6 -2.4 0.12 -0.0966541 -0.0654017
6 -2.3 0.12 0.107959 0.0144254
6 -2.2 0.12 0.00335006 0.0169237
6 -2.1 0.12 -0.0134178 -0.013453
6 -2 0.12 -0.0820442 0.0306468
6 -1.9 0.12 0.0328066 -0.106896
6 -1.8 0.12 0.0502382 0.0365284
6 -1.7 0.12 -0.0347576 -0.112112
6 -1.6 0.12 0.0755791 -0.0503768
6 -1.5 0.12 -0.0460806 -0.0455306
6 -1.4 0.12 -0.106225 -0.00452315
6 -1.3 0.12 0.00981349 -0.118147
6 -1.2 0.12 -0.0657758 0.0096384
6 -1.1 0.12 -0.0370943 -0.0918427
6 -1 0.12 -0.00103599 0.116255
6 -0.9 0.12 -0.0653723 -0.0429789
6 -0.8 0.12 0.0572891 -0.0748959
6 -0.7 0.12 0.0389922 0.0939739
6 -0.6 0.12 0.0319309 0.0662935
6 -0.5 0.12 0.0410122 0.0841801
6 -0.4 0.12 0.0675075 0.0793591
6 -0.3 0.12 -0.0763006 0.0390465
6 -0.2 0.12 -0.0848718 -0.00756625
6 -0.1 0.12 0.0386243 0.0294617
6 0 0.12 0.0346705 -0.0507359
6 0.1 0.12 -0.0169517 0.0169506
6 0.2 0.12 0.0144208 -0.0569929
6 0.3 0.12 0.0841528 -0.0228871
6 0.4 0.12 0.0669706 -0.010125
6 0.5 0.12 -0.00529778 0.0536943
6 0.6 0.12 -0.10547 0.0239993
6 0.7 0.12 -0.050349 -0.0156723
6 0.8 0.12 0.0213271 0.0889944
6 0.9 0.12 0.0815221 -0.0382479
6 1 0.12 0.01766 -0.0666152
6 1.1 0.12 -0.00763627 -0.0599005
6 1.2 0.12 -0.0529137 -0.0621239
6 1.3 0.12 -0.10849 0.0478058
6 1.4 0.12 0.0207073 0.0147788
6 1.5 0.12 0.0253296 0.00490304
6 1.6 0.12 -0.0521823 0.0584184
6 1.7 0.12 -0.101578 -0.0368886
6 1.8 0.12 -0.0254874 -0.0775478
6 1.9 0.12 0.109948 -0.0465534
6 2 0.12 -0.0381427 0.0577366
6 2.1 0.12 -0.00576952 -0.09733
6 2.2 0.12 -0.0998087 -0.0599575
6 2.3 0.12 0.0274755 -0.0552178
6 2.4 0.12 0.0791513 0.0053169
6 2.5 0.12 0.0397195 0.0343446
6 2.6 0.12 0.0205694 0.0965355
6 2.7 0.12 0.0126571 -0.0687614
6 2.8 0.12 -0.0609658 -0.0465319
6 2.9 0.12 0.0509052 -0.000105038
6 3 0.12 -0.0635058 -0.0157946
6 3.1 0.12 0.0256707 0.056885
6 3.2 0.12 0.0582535 0.0151201
6 3.3 0.12 0.0586248 -0.0612873
6 3.4 0.12 -0.0240083 0.0350044
6 3.5 0.12 -0.0764874 0.0373626
6 3.6 0.12 -0.0481491 0.103503
6 3.7 0.12 0.0712716 -0.0590634
6 3.8 0.12 0.105521 -0.0220077
6 3.9 0.12 0.0530816 -0.00315613
6 4 0.12 0.0657972 -0.0952615
6 4.1 0.12 -0.00808202 0.118772
6 4.2 0.12 0.0802162 -0.0691237
6 4.3 0.12 0.00852751 0.0674941
6 4.4 0.12 -0.0223359 -0.0358446
6 4.5 0.12 -0.0993437 -0.0398869
6 4.6 0.12 -0.0950897 0.00756519
6 4.7 0.12 -0.10703 0.043209
6 4.8 0.12 -0.0271295 -0.0383909
6 4.9 0.12 0.0920796 -0.0204891
6 5 0.12 0.00641801 -0.118145
6 5.1 0.12 -0.0946619 0.0230128
6 5.2 0.12 0.0327618 0.0990057
6 5.3 0.12 0.094049 0.0534724
6 5.4 0.12 -0.0601606 -0.00347731
6 5.5 0.12 -0.0389004 0.0789084
6 5.6 0.12 0.0448376 -0.0307064
6 5.7 0.12 0.0884315 0.0478654
6 5.8 0.12 0.040903 0.0883981
6 5.9 0.12 0.0258258 -0.0383648
6 6 0.12 -0.0849189 -0.0168793
6 6.1 0.12 0.0345728 0.101834
6 6.2 0.12 -0.0291563 -0.0830572
6 6.3 0.12 0.0334329 -0.0151637
6 6.4 0.12 0.113741 0.0129808
6 6.5 0.12 0.0961061 -0.0504498
6 6.6 0.12 -0.0863686 -0.0655994
6 6.7 0.12 -0.0162705 -0.0373224
6 6.8 0.12 0.111965 0.0300565
6 6.9 0.12 -0.0276629 -0.0463944
6 7 0.12 -0.0177393 -0.0269738
6 7.1 0.12 -0.0557679 -0.0192867
6 7.2 0.12 -0.0728765 0.0604646
6 7.3 0.12 0.00614386 -0.0979557
6 7.4 0.12 -0.106431 -0.0188681
6 7.5 0.12 0.00820552 -0.118699
6 7.6 0.12 0.0733498 -0.0522455
6 7.7 0.12 0.094462 -0.00592391
6 7.8 0.12 -0.0303328 -0.0621882
6 7.9 0.12 -0.0161754 -0.109366
6 8 0.12 0.0656278 -0.0156252
6 8.1 0.12 -0.00190137 0.0913204
6 8.2 0.12 0.0523491 0.104617
6 8.3 0.12 -0.0872944 -0.0310227
6 8.4 0.12 0.107433 -0.0281152
6 8.5 0.12 -0.0857445 -0.0231527
6 8.6 0.12 0.0257848 0.111757
6 8.7 0.12 0.0393257 0.0796368
6 8.8 0.12 0.0313812 -0.0319896
6 8.9 0.12 0.0976999 -0.00735486
6 9 0.12 -0.0752783 0.0695538
6 9.1 0.12 0.0716635 -0.0959886
6 9.2 0.12 0.041828 0.0481322
6 9.3 0.12 0.0365628 0.00994924
6 9.4 0.12 0.0876938 -0.0395475
6 9.5 0.12 0.0556892 0.0108323
6 9.6 0.12 0.0170369 -0.101888
6 9.7 0.12 -0.0326791 -0.0107794
6 9.8 0.12 0.0422457 0.0825818
6 9.9 0.12 -0.0646511 0.0555178
