8 -10 0.12 -0.116808 0.0181209
8 -9.9 0.12 -0.00153919 -0.0683202
8 -9.8 0.12 0.00923238 0.104164
8 -9.7 0.12 0.0693149 0.00512371
8 -9.6 0.12 -0.0771442 0.046728
8 -9.5 0.12 -0.0756551 0.026859
8 -9.4 0.12 0.0437825 -0.0274712
8 -9.3 0.12 -0.0509642 0.0135715
8 -9.2 0.12 -0.0597371 -0.0477115
8 -9.1 0.12 0.0508773 -0.0970412
8 -9 0.12 0.055249 0.036391
8 -8.9 0.12 0.0125094 -0.0225437
8 -8.8 0.12 -0.0229005 -0.0599307
8 -8.7 0.12 -0.115945 -0.0191424
8 -8.6 0.12 0.0453734 -0.0771361
8 -8.5 0.12 -0.111779 -0.00938589
8 -8.4 0.12 -0.0739599 0.0289244
8 -8.3 0.12 0.00988584 0.0778981
8 -8.2 0.12 -0.0169771 0.0804574
8 -8.1 0.12 -0.031862 0.00171432
8 -8 0.12 -0.017881 0.088442
8 -7.9 0.12 0.0770221 0.0837505
8 -7.8 0.12 -0.023087 -0.00230169
8 -7.7 0.12 -0.0195756 -0.0528248
8 -7.6 0.12 -0.0675089 0.0991861
8 -7.5 0.12 -0.0503985 -0.104717
8 -7.4 0.12 0.0795309 0.0645006
8 -7.3 0.12 0.0836908 -0.0845763
8 -7.2 0.12 0.0934919 -0.0205167
8 -7.1 0.12 -0.0812527 -0.0842165
8 -7 0.12 -0.0635988 0.0973357
8 -6.9 0.12 0.076419 0.063469
8 -6.8 0.12 -0.0303828 -0.0170061
8 -6.7 0.12 -0.0279514 -0.0713816
8 -6.6 0.12 -0.0977675 -0.034949
8 -6.5 0.12 0.0414192 0.00847364
8 -6.4 0.12 -0.0797187 -0.00516466
8 -6.3 0.12 -0.0769871 -0.0136699
8 -6.2 0.12 -0.0427222 0.0378767
8 -6.1 0.12 0.0331189 -0.0701909
8 -6 0.12 0.0649282 0.018874
8 -5.9 0.12 0.0282269 -0.0221188
8 -5.8 0.12 0.0309752 -0.021958
8 -5.7 0.12 -0.0106172 0.0171473
8 -5.6 0.12 -0.0584357 0.0496157
8 -5.5 0.12 -0.0169929 -0.104068
8 -5.4 0.12 0.0235362 -0.0316893
8 -5.3 0.12 -0.0369508 0.0945057
8 -5.2 0.12 -0.0972422 0.0229057
8 -5.1 0.12 -0.0908926 -0.0355051
8 -5 0.12 -0.0771807 0.0636285
8 -4.9 0.12 -0.0447772 0.105134
8 -4.8 0.12 0.0442037 -0.0477647
8 -4.7 0.12 0.101967 -0.0486357
8 -4.6 0.12 -0.032522 -0.053711
8 -4.5 0.12 -0.018825 -0.0215518
8 -4.4 0.12 0.111951 -0.00683194
8 -4.3 0.12 -0.0273209 0.108929
8 -4.2 0.12 -0.0322486 0.0649682
8 -4.1 0.12 0.0329897 0.0770602
8 -4 0.12 -0.00811956 -0.0395764
8 -3.9 0.12 -0.0546921 0.051313
8 -3.8 0.12 0.0686569 0.00476949
8 -3.7 0.12 0.100176 -0.0143117
8 -3.6 0.12 0.108072 -0.0391584
8 -3.5 0.12 0.067087 0.0906606
8 -3.4 0.12 0.117032 0.00917078
8 -3.3 0.12 0.0232864 -0.0647807
8 -3.2 0.12 -0.0694555 -0.0181734
8 -3.1 0.12 0.0267673 0.112438
8 -3 0.12 0.10699 0.00604067
8 -2.9 0.12 0.100143 0.0546816
8 -2.8 0.12 0.0966186 0.0274343
8 -2.7 0.12 -0.0397409 0.00464792
8 -2.6 0.12 -0.0365324 0.0672961
8 -2.5 0.12 -0.0679715 0.0656664
8 -2.4 0.12 0.107699 -0.0175344
8 -2.3 0.12 -0.00587279 -0.0210112
8 -2.2 0.12 0.0948141 -0.00194771
8 -2.1 0.12 0.0898237 -0.00367489
8 -2 0.12 -0.0306283 0.105026
8 -1.9 0.12 -0.0585521 -0.0252547
8 -1.8 0.12 0.0971055 0.020551
8 -1.7 0.12 0.0830207 -0.0831952
8 -1.6 0.12 0.0904235 -0.0155384
8 -1.5 0.12 -0.0269795 0.0830278
8 -1.4 0.12 -0.049761 -0.0489958
8 -1.3 0.12 -0.0702099 0.0401621
8 -1.2 0.12 -0.0390753 -0.0529959
8 -1.1 0.12 -0.114004 0.0271688
8 -1 0.12 -0.000403295 0.00773775
8 -0.9 0.12 0.0687724 0.0545847
8 -0.8 0.12 -0.047638 -0.00686615
8 -0.7 0.12 -0.047381 -0.0569997
8 -0.6 0.12 0.0782237 -0.00689876
8 -0.5 0.12 0.104598 -0.0496738
8 -0.4 0.12 -0.038354 -0.0696869
8 -0.3 0.12 -0.0940537 0.0680014
8 -0.2 0.12 -0.0714777 0.0696884
8 -0.1 0.12 0.0419936 -0.110162
8 0 0.12 0.0681134 0.0316446
8 0.1 0.12 0.0476514 0.0985177
8 0.2 0.12 -0.0200688 0.0432007
8 0.3 0.12 -0.0211653 0.0838495
8 0.4 0.12 0.0696698 0.0808169
8 0.5 0.12 0.0845822 -0.00899676
8 0.6 0.12 0.0562822 0.0356224
8 0.7 0.12 -0.0335568 0.00946371
8 0.8 0.12 0.108822 -0.0128664
8 0.9 0.12 -0.0588598 -0.0526914
8 1 0.12 0.0955939 -0.026435
8 1.1 0.12 -0.016186 0.107592
8 1.2 0.12 0.0263823 -0.104721
8 1.3 0.12 0.0991952 -0.021097
8 1.4 0.12 -0.0464589 -0.0753166
8 1.5 0.12 -0.0162455 0.0412014
8 1.6 0.12 -0.0456427 0.0881321
8 1.7 0.12 -0.00948099 0.0788427
8 1.8 0.12 -0.0807339 -0.0828285
8 1.9 0.12 -0.0962958 -0.0552071
8 2 0.12 -0.0893716 0.0172085
8 2.1 0.12 0.0476274 -0.0928899
8 2.2 0.12 -0.0831343 -0.00053802
8 2.3 0.12 -0.0514486 -0.0978165
8 2.4 0.12 -0.0980184 -0.00621372
8 2.5 0.12 -0.084651 -0.00755212
8 2.6 0.12 0.0838168 -0.0642056
8 2.7 0.12 -0.0543454 -0.0575625
8 2.8 0.12 -0.0687849 -0.0755752
8 2.9 0.12 0.0467794 -0.0913915
8 3 0.12 0.0971872 -0.0285543
8 3.1 0.12 -0.0183722 -0.0516696
8 3.2 0.12 0.0174489 -0.0940348
8 3.3 0.12 -0.0945867 0.0636605
8 3.4 0.12 -0.0978412 -0.0672939
8 3.5 0.12 0.0690667 -0.0362596
8 3.6 0.12 -0.107476 -0.00511403
8 3.7 0.12 0.0078961 0.0422979
8 3.8 0.12 -0.0344629 0.0579307
8 3.9 0.12 0.0283963 0.0117304
8 4 0.12 -0.0290858 -0.0804632
8 4.1 0.12 0.104572 -0.0130198
8 4.2 0.12 0.000607913 -0.115701
8 4.3 0.12 -0.0493622 -0.00305891
8 4.4 0.12 0.0347893 -0.0784781
8 4.5 0.12 0.0928649 -0.0216579
8 4.6 0.12 0.0478974 0.0653968
8 4.7 0.12 0.050419 -0.0842802
8 4.8 0.12 0.112075 -0.000764746
8 4.9 0.12 -0.0269272 -0.0924494
8 5 0.12 -0.10971 0.0047596
8 5.1 0.12 -0.0833444 -0.0364745
8 5.2 0.12 -0.0584121 0.10134
8 5.3 0.12 0.064989 0.0199561
8 5.4 0.12 -0.0685322 0.0941967
8 5.5 0.12 -0.0403859 -0.102434
8 5.6 0.12 0.0152983 -0.116816
8 5.7 0.12 0.0609845 0.0613831
8 5.8 0.12 0.083819 -0.0103386
8 5.9 0.12 0.0562617 0.0403412
8 6 0.12 0.0489845 -0.0199503
8 6.1 0.12 0.0215957 0.0836238
8 6.2 0.12 0.000886809 0.052166
8 6.3 0.12 -0.0495318 -0.0138017
8 6.4 0.12 0.0153289 -0.0137819
8 6.5 0.12 -0.0747758 0.0761125
8 6.6 0.12 0.09897 -0.00639947
8 6.7 0.12 -0.0168298 0.00955011
8 6.8 0.12 -0.063772 0.0822258
8 6.9 0.12 -0.0677115 0.0500492
8 7 0.12 0.0642919 -0.042612
8 7.1 0.12 0.0532889 0.0575876
8 7.2 0.12 -0.0243308 0.079443
8 7.3 0.12 0.00125432 0.060576
8 7.4 0.12 -0.0877756 0.00570956
8 7.5 0.12 -0.0489195 0.106454
8 7.6 0.12 0.0192978 -0.106354
8 7.7 0.12 -0.103449 -0.0257442
8 7.8 0.12 0.0445547 0.103565
8 7.9 0.12 -0.0482103 0.0578413
8 8 0.12 -0.055062 -0.0476693
8 8.1 0.12 0.115536 0.0112139
8 8.2 0.12 -0.0304275 -0.049572
8 8.3 0.12 -0.0626415 0.0405361
8 8.4 0.12 -0.0177952 -0.0218936
8 8.5 0.12 -0.116099 0.00802145
8 8.6 0.12 0.0573519 -0.0381267
8 8.7 0.12 0.0134084 -0.110675
8 8.8 0.12 0.0178086 0.014449
8 8.9 0.12 -0.0212168 -0.0638115
8 9 0.12 -0.0326256 0.0218071
8 9.1 0.12 0.112592 -0.0304722
8 9.2 0.12 -0.0894589 0.0265693
8 9.3 0.12 -0.106011 -0.0370253
8 9.4 0.12 0.0121913 -0.114827
8 9.5 0.12 0.0631105 0.0999284
8 9.6 0.12 0.00326555 0.108103
8 9.7 0.12 0.0465839 0.0425601
8 9.8 0.12 0.0499214 -0.038644
8 9.9 0.12 -0.0817154 0.05259
