0 3.14159e-07 2.5 2.5 2.5 0 -2.5 0 
0.01 3.14159e-07 2.49975 2.49975 2.49975 -3.92699e-15 -2.49975 3.92699e-15 
0.02 3.14159e-07 2.499 2.499 2.499 -6.28319e-14 -2.499 6.28319e-14 
0.03 3.14159e-07 2.49775 2.49775 2.49775 -3.18086e-13 -2.49775 3.18086e-13 
0.04 3.14159e-07 2.496 2.496 2.496 -1.00531e-12 -2.496 1.00531e-12 
0.05 3.14159e-07 2.49375 2.49375 2.49375 -2.45437e-12 -2.49375 2.45437e-12 
0.06 3.14159e-07 2.49099 2.491 2.49099 -5.08936e-12 -2.49099 5.08936e-12 
0.07 3.14159e-07 2.48773 2.48775 2.48773 -9.42865e-12 -2.48773 9.42865e-12 
0.08 3.14159e-07 2.48397 2.484 2.48397 -1.60848e-11 -2.48397 1.60848e-11 
0.09 3.14159e-07 2.47971 2.47975 2.47971 -2.57646e-11 -2.47971 2.57646e-11 
0.1 3.14159e-07 2.47494 2.475 2.47494 -3.92689e-11 -2.47494 3.92689e-11 
0.11 3.14159e-07 2.46966 2.46975 2.46966 -5.74929e-11 -2.46966 5.74929e-11 
0.12 3.14159e-07 2.46387 2.464 2.46387 -8.14258e-11 -2.46387 8.14258e-11 
0.13 3.14159e-07 2.45757 2.45775 2.45757 -1.12151e-10 -2.45757 1.12151e-10 
0.14 3.14159e-07 2.45076 2.451 2.45076 -1.50845e-10 -2.45076 1.50845e-10 
0.15 3.14159e-07 2.44343 2.44375 2.44343 -1.98778e-10 -2.44343 1.98778e-10 
0.16 3.14159e-07 2.43559 2.436 2.43559 -2.57316e-10 -2.43559 2.57316e-10 
0.17 3.14159e-07 2.42723 2.42775 2.42723 -3.27916e-10 -2.42723 3.27916e-10 
0.18 3.14159e-07 2.41834 2.419 2.41834 -4.12128e-10 -2.41834 4.12128e-10 
0.19 3.14159e-07 2.40894 2.40975 2.40894 -5.11596e-10 -2.40894 5.11596e-10 
0.2 3.14159e-07 2.399 2.4 2.399 -6.28057e-10 -2.399 6.28057e-10 
0.21 3.14159e-07 2.38854 2.38975 2.38854 -7.63337e-10 -2.38854 7.63337e-10 
0.22 3.14159e-07 2.37754 2.379 2.37754 -9.19355e-10 -2.37754 9.19355e-10 
0.23 3.14159e-07 2.366 2.36775 2.366 -1.09812e-09 -2.366 1.09812e-09 
0.24 3.14159e-07 2.35393 2.356 2.35393 -1.30174e-09 -2.35393 1.30174e-09 
0.25 3.14159e-07 2.34131 2.34375 2.34131 -1.53238e-09 -2.34131 1.53238e-09 
0.26 3.14159e-07 2.32815 2.331 2.32815 -1.79234e-09 -2.32815 1.79234e-09 
0.27 3.14159e-07 2.31443 2.31775 2.31443 -2.08398e-09 -2.31443 2.08398e-09 
0.28 3.14159e-07 2.30016 2.304 2.30016 -2.40973e-09 -2.30016 2.40973e-09 
0.29 3.14159e-07 2.28534 2.28975 2.28534 -2.77213e-09 -2.28534 2.77213e-09 
0.3 3.14159e-07 2.26995 2.275 2.26995 -3.1738e-09 -2.26995 3.1738e-09 
0.31 3.14159e-07 2.25399 2.25975 2.25399 -3.61742e-09 -2.25399 3.61742e-09 
0.32 3.14159e-07 2.23747 2.244 2.23747 -4.10576e-09 -2.23747 4.10576e-09 
0.33 3.14159e-07 2.22036 2.22775 2.22036 -4.64166e-09 -2.22036 4.64166e-09 
0.34 3.14159e-07 2.20268 2.211 2.20268 -5.22803e-09 -2.20268 5.22803e-09 
0.35 3.14159e-07 2.18441 2.19375 2.18441 -5.86785e-09 -2.18441 5.86785e-09 
0.36 3.14159e-07 2.16555 2.176 2.16555 -6.56417e-09 -2.16555 6.56417e-09 
0.37 3.14159e-07 2.1461 2.15775 2.1461 -7.32008e-09 -2.1461 7.32008e-09 
0.38 3.14159e-07 2.12605 2.139 2.12605 -8.13872e-09 -2.12605 8.13872e-09 
0.39 3.14159e-07 2.10539 2.11975 2.10539 -9.02331e-09 -2.10539 9.02331e-09 
0.4 3.14159e-07 2.08412 2.1 2.08412 -9.97708e-09 -2.08412 9.97708e-09 
0.41 3.14159e-07 2.06224 2.07975 2.06224 -1.10033e-08 -2.06224 1.10033e-08 
0.42 3.14159e-07 2.03973 2.059 2.03973 -1.21053e-08 -2.03973 1.21053e-08 
0.43 3.14159e-07 2.0166 2.03775 2.0166 -1.32863e-08 -2.0166 1.32863e-08 
0.44 3.14159e-07 1.99284 2.016 1.99284 -1.45497e-08 -1.99284 1.45497e-08 
0.45 3.14159e-07 1.96845 1.99375 1.96845 -1.58987e-08 -1.96845 1.58987e-08 
0.46 3.14159e-07 1.94341 1.971 1.94341 -1.73368e-08 -1.94341 1.73368e-08 
0.47 3.14159e-07 1.91772 1.94775 1.91772 -1.8867e-08 -1.91772 1.8867e-08 
0.48 3.14159e-07 1.89138 1.924 1.89138 -2.04927e-08 -1.89138 2.04927e-08 
0.49 3.14159e-07 1.86439 1.89975 1.86439 -2.2217e-08 -1.86439 2.2217e-08 
0.5 3.14159e-07 1.83673 1.875 1.83673 -2.40428e-08 -1.83673 2.40428e-08 
0.51 3.14159e-07 1.80841 1.84975 1.80841 -2.59732e-08 -1.80841 2.59732e-08 
0.52 3.14159e-07 1.77942 1.824 1.77942 -2.80109e-08 -1.77942 2.80109e-08 
0.53 3.14159e-07 1.74975 1.79775 1.74975 -3.01585e-08 -1.74975 3.01585e-08 
0.54 3.14159e-07 1.7194 1.771 1.7194 -3.24186e-08 -1.7194 3.24186e-08 
0.55 3.14159e-07 1.68837 1.74375 1.68837 -3.47933e-08 -1.68837 3.47933e-08 
0.56 3.14159e-07 1.65666 1.716 1.65666 -3.72845e-08 -1.65666 3.72845e-08 
0.57 3.14159e-07 1.62426 1.68775 1.62426 -3.98938e-08 -1.62426 3.98938e-08 
0.58 3.14159e-07 1.59116 1.659 1.59116 -4.26226e-08 -1.59116 4.26226e-08 
0.59 3.14159e-07 1.55738 1.62975 1.55738 -4.54717e-08 -1.55738 4.54717e-08 
0.6 3.14159e-07 1.5229 1.6 1.5229 -4.84415e-08 -1.5229 4.84415e-08 
0.61 3.14159e-07 1.48773 1.56975 1.48773 -5.15317e-08 -1.48773 5.15317e-08 
0.62 3.14159e-07 1.45188 1.539 1.45188 -5.47416e-08 -1.45188 5.47416e-08 
0.63 3.14159e-07 1.41533 1.50775 1.41533 -5.80698e-08 -1.41533 5.80698e-08 
0.64 3.14159e-07 1.3781 1.476 1.3781 -6.15139e-08 -1.3781 6.15139e-08 
0.65 3.14159e-07 1.34019 1.44375 1.34019 -6.50709e-08 -1.34019 6.50709e-08 
0.66 3.14159e-07 1.3016 1.411 1.3016 -6.87364e-08 -1.3016 6.87364e-08 
0.67 3.14159e-07 1.26235 1.37775 1.26235 -7.25053e-08 -1.26235 7.25053e-08 
0.68 3.14159e-07 1.22245 1.344 1.22245 -7.63709e-08 -1.22245 7.63709e-08 
0.69 3.14159e-07 1.18191 1.30975 1.18191 -8.03252e-08 -1.18191 8.03252e-08 
0.7 3.14159e-07 1.14074 1.275 1.14074 -8.43584e-08 -1.14074 8.43584e-08 
0.71 3.14159e-07 1.09896 1.23975 1.09896 -8.8459e-08 -1.09896 8.8459e-08 
0.72 3.14159e-07 1.0566 1.204 1.0566 -9.26135e-08 -1.0566 9.26135e-08 
0.73 3.14159e-07 1.01368 1.16775 1.01368 -9.68059e-08 -1.01368 9.68059e-08 
0.74 3.14159e-07 0.970226 1.131 0.970226 -1.01018e-07 -0.970226 1.01018e-07 
0.75 3.14159e-07 0.926276 1.09375 0.926276 -1.05227e-07 -0.926276 1.05227e-07 
0.76 3.14159e-07 0.88187 1.056 0.88187 -1.09409e-07 -0.88187 1.09409e-07 
0.77 3.14159e-07 0.837052 1.01775 0.837052 -1.13536e-07 -0.837052 1.13536e-07 
0.78 3.14159e-07 0.791875 0.979 0.791875 -1.17574e-07 -0.791875 1.17574e-07 
0.79 3.14159e-07 0.746399 0.93975 0.746399 -1.21486e-07 -0.746399 1.21486e-07 
0.8 3.14159e-07 0.700692 0.9 0.700692 -1.25229e-07 -0.700692 1.25229e-07 
0.81 3.14159e-07 0.654833 0.85975 0.654833 -1.28753e-07 -0.654833 1.28753e-07 
0.82 3.14159e-07 0.60891 0.819 0.60891 -1.32003e-07 -0.60891 1.32003e-07 
0.83 3.14159e-07 0.563026 0.77775 0.563026 -1.34915e-07 -0.563026 1.34915e-07 
0.84 3.14159e-07 0.517295 0.736 0.517295 -1.37416e-07 -0.517295 1.37416e-07 
0.85 3.14159e-07 0.47185 0.69375 0.47185 -1.39424e-07 -0.47185 1.39424e-07 
0.86 3.14159e-07 0.42684 0.651 0.42684 -1.40844e-07 -0.42684 1.40844e-07 
0.87 3.14159e-07 0.382435 0.60775 0.382435 -1.4157e-07 -0.382435 1.4157e-07 
0.88 3.14159e-07 0.338829 0.564 0.338829 -1.41479e-07 -0.338829 1.41479e-07 
0.89 3.14159e-07 0.296242 0.51975 0.296242 -1.40434e-07 -0.296242 1.40434e-07 
0.9 3.14159e-07 0.254925 0.475 0.254925 -1.38277e-07 -0.254925 1.38277e-07 
0.91 3.14159e-07 0.215165 0.42975 0.215165 -1.34828e-07 -0.215165 1.34828e-07 
0.92 3.14159e-07 0.177285 0.384 0.177285 -1.29883e-07 -0.177285 1.29883e-07 
0.93 3.14159e-07 0.141658 0.33775 0.141658 -1.23208e-07 -0.141658 1.23208e-07 
0.94 3.14159e-07 0.108709 0.291 0.108709 -1.14537e-07 -0.108709 1.14537e-07 
0.95 3.14159e-07 0.0789224 0.24375 0.0789224 -1.03564e-07 -0.0789224 1.03564e-07 
0.96 3.14159e-07 0.0528533 0.196 0.0528533 -8.99417e-08 -0.0528533 8.99417e-08 
0.97 3.14159e-07 0.0311387 0.14775 0.0311387 -7.3269e-08 -0.0311387 7.3269e-08 
0.98 3.14159e-07 0.0145097 0.099 0.0145097 -5.30868e-08 -0.0145097 5.30868e-08 
0.99 3.14159e-07 0.00380707 0.04975 0.00380707 -2.88668e-08 -0.00380707 2.88668e-08 
