0 1.1781 2.5 2.5 2.5 0 -2.5 0 
0.01 1.1781 2.49975 2.49975 2.49975 3.125e-09 -2.49975 -3.125e-09 
0.02 1.1781 2.499 2.499 2.499 5e-08 -2.499 -5e-08 
0.03 1.1781 2.49775 2.49775 2.49775 2.53125e-07 -2.49775 -2.53125e-07 
0.04 1.1781 2.496 2.496 2.496 7.99999e-07 -2.496 -7.99999e-07 
0.05 1.1781 2.49375 2.49375 2.49375 1.95312e-06 -2.49375 -1.95312e-06 
0.06 1.1781 2.491 2.491 2.491 4.04999e-06 -2.491 -4.04999e-06 
0.07 1.1781 2.48774 2.48774 2.48774 7.50308e-06 -2.48774 -7.50308e-06 
0.08 1.1781 2.48399 2.48399 2.48399 1.27999e-05 -2.48399 -1.27999e-05 
0.09 1.1781 2.47973 2.47973 2.47973 2.05028e-05 -2.47973 -2.05028e-05 
0.1 1.1781 2.47497 2.47497 2.47497 3.12492e-05 -2.47497 -3.12492e-05 
0.11 1.1781 2.4697 2.4697 2.4697 4.57514e-05 -2.4697 -4.57514e-05 
0.12 1.1781 2.46394 2.46394 2.46394 6.47966e-05 -2.46394 -6.47966e-05 
0.13 1.1781 2.45766 2.45766 2.45766 8.92466e-05 -2.45766 -8.92466e-05 
0.14 1.1781 2.45088 2.45088 2.45088 0.000120038 -2.45088 -0.000120038 
0.15 1.1781 2.44359 2.44359 2.44359 0.000158183 -2.44359 -0.000158183 
0.16 1.1781 2.4358 2.4358 2.4358 0.000204766 -2.4358 -0.000204766 
0.17 1.1781 2.42749 2.42749 2.42749 0.000260947 -2.42749 -0.000260947 
0.18 1.1781 2.41867 2.41867 2.41867 0.000327961 -2.41867 -0.000327961 
0.19 1.1781 2.40934 2.40934 2.40934 0.000407116 -2.40934 -0.000407116 
0.2 1.1781 2.3995 2.3995 2.3995 0.000499792 -2.3995 -0.000499792 
0.21 1.1781 2.38914 2.38914 2.38914 0.000607444 -2.38914 -0.000607444 
0.22 1.1781 2.37827 2.37827 2.37827 0.0007316 -2.37827 -0.0007316 
0.23 1.1781 2.36688 2.36688 2.36688 0.000873858 -2.36688 -0.000873858 
0.24 1.1781 2.35496 2.35496 2.35496 0.00103589 -2.35496 -0.00103589 
0.25 1.1781 2.34253 2.34253 2.34253 0.00121943 -2.34253 -0.00121943 
0.26 1.1781 2.32957 2.32957 2.32957 0.0014263 -2.32957 -0.0014263 
0.27 1.1781 2.31609 2.31609 2.31609 0.00165838 -2.31609 -0.00165838 
0.28 1.1781 2.30208 2.30208 2.30208 0.0019176 -2.30208 -0.0019176 
0.29 1.1781 2.28754 2.28754 2.28754 0.00220599 -2.28754 -0.00220599 
0.3 1.1781 2.27247 2.27247 2.27247 0.00252563 -2.27247 -0.00252563 
0.31 1.1781 2.25687 2.25687 2.25687 0.00287865 -2.25687 -0.00287865 
0.32 1.1781 2.24073 2.24073 2.24073 0.00326726 -2.24073 -0.00326726 
0.33 1.1781 2.22406 2.22406 2.22406 0.00369371 -2.22406 -0.00369371 
0.34 1.1781 2.20684 2.20684 2.20684 0.00416033 -2.20684 -0.00416033 
0.35 1.1781 2.18908 2.18908 2.18908 0.00466949 -2.18908 -0.00466949 
0.36 1.1781 2.17078 2.17078 2.17078 0.0052236 -2.17078 -0.0052236 
0.37 1.1781 2.15192 2.15192 2.15192 0.00582513 -2.15192 -0.00582513 
0.38 1.1781 2.13252 2.13252 2.13252 0.00647659 -2.13252 -0.00647659 
0.39 1.1781 2.11257 2.11257 2.11257 0.00718052 -2.11257 -0.00718052 
0.4 1.1781 2.09206 2.09206 2.09206 0.00793951 -2.09206 -0.00793951 
0.41 1.1781 2.07099 2.07099 2.07099 0.00875615 -2.07099 -0.00875615 
0.42 1.1781 2.04937 2.04937 2.04937 0.00963306 -2.04937 -0.00963306 
0.43 1.1781 2.02718 2.02718 2.02718 0.0105729 -2.02718 -0.0105729 
0.44 1.1781 2.00442 2.00442 2.00442 0.0115783 -2.00442 -0.0115783 
0.45 1.1781 1.9811 1.9811 1.9811 0.0126518 -1.9811 -0.0126518 
0.46 1.1781 1.9572 1.9572 1.9572 0.0137962 -1.9572 -0.0137962 
0.47 1.1781 1.93274 1.93274 1.93274 0.0150139 -1.93274 -0.0150139 
0.48 1.1781 1.90769 1.90769 1.90769 0.0163076 -1.90769 -0.0163076 
0.49 1.1781 1.88207 1.88207 1.88207 0.0176797 -1.88207 -0.0176797 
0.5 1.1781 1.85587 1.85587 1.85587 0.0191327 -1.85587 -0.0191327 
0.51 1.1781 1.82908 1.82908 1.82908 0.0206688 -1.82908 -0.0206688 
0.52 1.1781 1.80171 1.80171 1.80171 0.0222903 -1.80171 -0.0222903 
0.53 1.1781 1.77375 1.77375 1.77375 0.0239994 -1.77375 -0.0239994 
0.54 1.1781 1.7452 1.7452 1.7452 0.0257979 -1.7452 -0.0257979 
0.55 1.1781 1.71606 1.71606 1.71606 0.0276876 -1.71606 -0.0276876 
0.56 1.1781 1.68633 1.68633 1.68633 0.02967 -1.68633 -0.02967 
0.57 1.1781 1.656 1.656 1.656 0.0317465 -1.656 -0.0317465 
0.58 1.1781 1.62508 1.62508 1.62508 0.033918 -1.62508 -0.033918 
0.59 1.1781 1.59356 1.59356 1.59356 0.0361852 -1.59356 -0.0361852 
0.6 1.1781 1.56145 1.56145 1.56145 0.0385485 -1.56145 -0.0385485 
0.61 1.1781 1.52874 1.52874 1.52874 0.0410076 -1.52874 -0.0410076 
0.62 1.1781 1.49544 1.49544 1.49544 0.043562 -1.49544 -0.043562 
0.63 1.1781 1.46154 1.46154 1.46154 0.0462105 -1.46154 -0.0462105 
0.64 1.1781 1.42705 1.42705 1.42705 0.0489512 -1.42705 -0.0489512 
0.65 1.1781 1.39197 1.39197 1.39197 0.0517817 -1.39197 -0.0517817 
0.66 1.1781 1.3563 1.3563 1.3563 0.0546987 -1.3563 -0.0546987 
0.67 1.1781 1.32005 1.32005 1.32005 0.0576979 -1.32005 -0.0576979 
0.68 1.1781 1.28323 1.28323 1.28323 0.0607741 -1.28323 -0.0607741 
0.69 1.1781 1.24583 1.24583 1.24583 0.0639207 -1.24583 -0.0639207 
0.7 1.1781 1.20787 1.20787 1.20787 0.0671303 -1.20787 -0.0671303 
0.71 1.1781 1.16936 1.16936 1.16936 0.0703935 -1.16936 -0.0703935 
0.72 1.1781 1.1303 1.1303 1.1303 0.0736995 -1.1303 -0.0736995 
0.73 1.1781 1.09071 1.09071 1.09071 0.0770357 -1.09071 -0.0770357 
0.74 1.1781 1.05061 1.05061 1.05061 0.0803872 -1.05061 -0.0803872 
0.75 1.1781 1.01001 1.01001 1.01001 0.083737 -1.01001 -0.083737 
0.76 1.1781 0.968935 0.968935 0.968935 0.0870652 -0.968935 -0.0870652 
0.77 1.1781 0.927401 0.927401 0.927401 0.0903492 -0.927401 -0.0903492 
0.78 1.1781 0.885437 0.885437 0.885437 0.0935626 -0.885437 -0.0935626 
0.79 1.1781 0.843074 0.843074 0.843074 0.0966756 -0.843074 -0.0966756 
0.8 1.1781 0.800346 0.800346 0.800346 0.099654 -0.800346 -0.099654 
0.81 1.1781 0.757291 0.757291 0.757291 0.102459 -0.757291 -0.102459 
0.82 1.1781 0.713955 0.713955 0.713955 0.105045 -0.713955 -0.105045 
0.83 1.1781 0.670388 0.670388 0.670388 0.107362 -0.670388 -0.107362 
0.84 1.1781 0.626648 0.626648 0.626648 0.109352 -0.626648 -0.109352 
0.85 1.1781 0.5828 0.5828 0.5828 0.11095 -0.5828 -0.11095 
0.86 1.1781 0.53892 0.53892 0.53892 0.11208 -0.53892 -0.11208 
0.87 1.1781 0.495093 0.495093 0.495093 0.112657 -0.495093 -0.112657 
0.88 1.1781 0.451415 0.451415 0.451415 0.112585 -0.451415 -0.112585 
0.89 1.1781 0.407996 0.407996 0.407996 0.111754 -0.407996 -0.111754 
0.9 1.1781 0.364963 0.364963 0.364963 0.110037 -0.364963 -0.110037 
0.91 1.1781 0.322457 0.322457 0.322457 0.107293 -0.322457 -0.107293 
0.92 1.1781 0.280642 0.280642 0.280642 0.103358 -0.280642 -0.103358 
0.93 1.1781 0.239704 0.239704 0.239704 0.0980458 -0.239704 -0.0980458 
0.94 1.1781 0.199855 0.199855 0.199855 0.0911454 -0.199855 -0.0911454 
0.95 1.1781 0.161336 0.161336 0.161336 0.0824138 -0.161336 -0.0824138 
0.96 1.1781 0.124427 0.124427 0.124427 0.0715733 -0.124427 -0.0715733 
0.97 1.1781 0.0894444 0.0894444 0.0894444 0.0583056 -0.0894444 -0.0583056 
0.98 1.1781 0.0567548 0.0567548 0.0567548 0.0422452 -0.0567548 -0.0422452 
0.99 1.1781 0.0267785 0.0267785 0.0267785 0.0229715 -0.0267785 -0.0229715 
