0 0.628319 2.5 2.5 2.5 0 -2.5 0 
0.01 0.628319 2.49975 2.49975 2.49975 -1.83683e-09 -2.49975 1.83683e-09 
0.02 0.628319 2.499 2.499 2.499 -2.93893e-08 -2.499 2.93893e-08 
0.03 0.628319 2.49775 2.49775 2.49775 -1.48783e-07 -2.49775 1.48783e-07 
0.04 0.628319 2.496 2.496 2.496 -4.70228e-07 -2.496 4.70228e-07 
0.05 0.628319 2.49375 2.49375 2.49375 -1.14802e-06 -2.49375 1.14802e-06 
0.06 0.628319 2.491 2.49099 2.491 -2.38052e-06 -2.491 2.38052e-06 
0.07 0.628319 2.48775 2.48774 2.48775 -4.4102e-06 -2.48775 4.4102e-06 
0.08 0.628319 2.484 2.48398 2.484 -7.52357e-06 -2.484 7.52357e-06 
0.09 0.628319 2.47975 2.47971 2.47975 -1.20512e-05 -2.47975 1.20512e-05 
0.1 0.628319 2.47499 2.47494 2.47499 -1.83678e-05 -2.47499 1.83678e-05 
0.11 0.628319 2.46974 2.46967 2.46974 -2.6892e-05 -2.46974 2.6892e-05 
0.12 0.628319 2.46399 2.46388 2.46399 -3.80865e-05 -2.46399 3.80865e-05 
0.13 0.628319 2.45773 2.45759 2.45773 -5.24579e-05 -2.45773 5.24579e-05 
0.14 0.628319 2.45098 2.45078 2.45098 -7.05567e-05 -2.45098 7.05567e-05 
0.15 0.628319 2.44372 2.44346 2.44372 -9.29774e-05 -2.44372 9.29774e-05 
0.16 0.628319 2.43596 2.43563 2.43596 -0.000120358 -2.43596 0.000120358 
0.17 0.628319 2.4277 2.42728 2.4277 -0.000153381 -2.4277 0.000153381 
0.18 0.628319 2.41894 2.41841 2.41894 -0.000192771 -2.41894 0.000192771 
0.19 0.628319 2.40967 2.40901 2.40967 -0.000239296 -2.40967 0.000239296 
0.2 0.628319 2.3999 2.3991 2.3999 -0.00029377 -2.3999 0.00029377 
0.21 0.628319 2.38963 2.38865 2.38963 -0.000357047 -2.38963 0.000357047 
0.22 0.628319 2.37886 2.37768 2.37886 -0.000430024 -2.37886 0.000430024 
0.23 0.628319 2.36758 2.36617 2.36758 -0.000513641 -2.36758 0.000513641 
0.24 0.628319 2.3558 2.35413 2.3558 -0.00060888 -2.3558 0.00060888 
0.25 0.628319 2.34352 2.34154 2.34352 -0.000716765 -2.34352 0.000716765 
0.26 0.628319 2.33073 2.32842 2.33073 -0.00083836 -2.33073 0.00083836 
0.27 0.628319 2.31743 2.31475 2.31743 -0.000974769 -2.31743 0.000974769 
0.28 0.628319 2.30363 2.30053 2.30363 -0.00112714 -2.30363 0.00112714 
0.29 0.628319 2.28933 2.28576 2.28933 -0.00129665 -2.28933 0.00129665 
0.3 0.628319 2.27452 2.27043 2.27452 -0.00148453 -2.27452 0.00148453 
0.31 0.628319 2.2592 2.25454 2.2592 -0.00169203 -2.2592 0.00169203 
0.32 0.628319 2.24338 2.23809 2.24338 -0.00192045 -2.24338 0.00192045 
0.33 0.628319 2.22704 2.22107 2.22704 -0.00217111 -2.22704 0.00217111 
0.34 0.628319 2.21021 2.20347 2.21021 -0.00244538 -2.21021 0.00244538 
0.35 0.628319 2.19286 2.1853 2.19286 -0.00274466 -2.19286 0.00274466 
0.36 0.628319 2.175 2.16655 2.175 -0.00307036 -2.175 0.00307036 
0.37 0.628319 2.15664 2.14721 2.15664 -0.00342393 -2.15664 0.00342393 
0.38 0.628319 2.13776 2.12728 2.13776 -0.00380684 -2.13776 0.00380684 
0.39 0.628319 2.11838 2.10676 2.11838 -0.00422061 -2.11838 0.00422061 
0.4 0.628319 2.09848 2.08564 2.09848 -0.00466673 -2.09848 0.00466673 
0.41 0.628319 2.07808 2.06391 2.07808 -0.00514673 -2.07808 0.00514673 
0.42 0.628319 2.05716 2.04157 2.05716 -0.00566217 -2.05716 0.00566217 
0.43 0.628319 2.03573 2.01862 2.03573 -0.00621459 -2.03573 0.00621459 
0.44 0.628319 2.01379 1.99505 2.01379 -0.00680553 -2.01379 0.00680553 
0.45 0.628319 1.99133 1.97086 1.99133 -0.00743655 -1.99133 0.00743655 
0.46 0.628319 1.96837 1.94604 1.96837 -0.00810919 -1.96837 0.00810919 
0.47 0.628319 1.94488 1.92059 1.94488 -0.00882496 -1.94488 0.00882496 
0.48 0.628319 1.92089 1.8945 1.92089 -0.00958536 -1.92089 0.00958536 
0.49 0.628319 1.89637 1.86777 1.89637 -0.0103919 -1.89637 0.0103919 
0.5 0.628319 1.87135 1.84039 1.87135 -0.0112459 -1.87135 0.0112459 
0.51 0.628319 1.8458 1.81236 1.8458 -0.0121488 -1.8458 0.0121488 
0.52 0.628319 1.81974 1.78368 1.81974 -0.0131019 -1.81974 0.0131019 
0.53 0.628319 1.79317 1.75433 1.79317 -0.0141065 -1.79317 0.0141065 
0.54 0.628319 1.76607 1.72433 1.76607 -0.0151636 -1.76607 0.0151636 
0.55 0.628319 1.73846 1.69366 1.73846 -0.0162744 -1.73846 0.0162744 
0.56 0.628319 1.71033 1.66233 1.71033 -0.0174396 -1.71033 0.0174396 
0.57 0.628319 1.68169 1.63032 1.68169 -0.0186601 -1.68169 0.0186601 
0.58 0.628319 1.65252 1.59764 1.65252 -0.0199365 -1.65252 0.0199365 
0.59 0.628319 1.62284 1.56429 1.62284 -0.0212692 -1.62284 0.0212692 
0.6 0.628319 1.59264 1.53027 1.59264 -0.0226582 -1.59264 0.0226582 
0.61 0.628319 1.56192 1.49557 1.56192 -0.0241037 -1.56192 0.0241037 
0.62 0.628319 1.53068 1.4602 1.53068 -0.0256051 -1.53068 0.0256051 
0.63 0.628319 1.49892 1.42415 1.49892 -0.0271618 -1.49892 0.0271618 
0.64 0.628319 1.46665 1.38745 1.46665 -0.0287728 -1.46665 0.0287728 
0.65 0.628319 1.43386 1.35008 1.43386 -0.0304365 -1.43386 0.0304365 
0.66 0.628319 1.40055 1.31205 1.40055 -0.0321511 -1.40055 0.0321511 
0.67 0.628319 1.36673 1.27337 1.36673 -0.033914 -1.36673 0.033914 
0.68 0.628319 1.33239 1.23406 1.33239 -0.0357221 -1.33239 0.0357221 
0.69 0.628319 1.29754 1.19412 1.29754 -0.0375717 -1.29754 0.0375717 
0.7 0.628319 1.26218 1.15356 1.26218 -0.0394582 -1.26218 0.0394582 
0.71 0.628319 1.22631 1.11241 1.22631 -0.0413762 -1.22631 0.0413762 
0.72 0.628319 1.18992 1.07068 1.18992 -0.0433195 -1.18992 0.0433195 
0.73 0.628319 1.15304 1.02839 1.15304 -0.0452804 -1.15304 0.0452804 
0.74 0.628319 1.11565 0.985578 1.11565 -0.0472504 -1.11565 0.0472504 
0.75 0.628319 1.07776 0.942268 1.07776 -0.0492194 -1.07776 0.0492194 
0.76 0.628319 1.03937 0.898498 1.03937 -0.0511757 -1.03937 0.0511757 
0.77 0.628319 1.00049 0.854307 1.00049 -0.0531059 -1.00049 0.0531059 
0.78 0.628319 0.961131 0.809744 0.961131 -0.0549947 -0.961131 0.0549947 
0.79 0.628319 0.921287 0.764862 0.921287 -0.0568245 -0.921287 0.0568245 
0.8 0.628319 0.880968 0.719724 0.880968 -0.0585751 -0.880968 0.0585751 
0.81 0.628319 0.840182 0.674401 0.840182 -0.0602236 -0.840182 0.0602236 
0.82 0.628319 0.798938 0.628972 0.798938 -0.0617438 -0.798938 0.0617438 
0.83 0.628319 0.757246 0.58353 0.757246 -0.0631058 -0.757246 0.0631058 
0.84 0.628319 0.715116 0.53818 0.715116 -0.0642757 -0.715116 0.0642757 
0.85 0.628319 0.67256 0.49304 0.67256 -0.0652147 -0.67256 0.0652147 
0.86 0.628319 0.629595 0.448245 0.629595 -0.065879 -0.629595 0.065879 
0.87 0.628319 0.586234 0.403951 0.586234 -0.0662184 -0.586234 0.0662184 
0.88 0.628319 0.542498 0.360331 0.542498 -0.0661761 -0.542498 0.0661761 
0.89 0.628319 0.498407 0.317585 0.498407 -0.0656873 -0.498407 0.0656873 
0.9 0.628319 0.453985 0.275941 0.453985 -0.0646783 -0.453985 0.0646783 
0.91 0.628319 0.409259 0.235656 0.409259 -0.0630651 -0.409259 0.0630651 
0.92 0.628319 0.36426 0.197025 0.36426 -0.060752 -0.36426 0.060752 
0.93 0.628319 0.319025 0.160384 0.319025 -0.0576299 -0.319025 0.0576299 
0.94 0.628319 0.273593 0.126116 0.273593 -0.0535739 -0.273593 0.0535739 
0.95 0.628319 0.22801 0.094662 0.22801 -0.0484416 -0.22801 0.0484416 
0.96 0.628319 0.182331 0.0665226 0.182331 -0.0420698 -0.182331 0.0420698 
0.97 0.628319 0.136615 0.0422741 0.136615 -0.0342712 -0.136615 0.0342712 
0.98 0.628319 0.0909319 0.0225778 0.0909319 -0.0248311 -0.0909319 0.0248311 
0.99 0.628319 0.0453628 0.00819423 0.0453628 -0.0135023 -0.0453628 0.0135023 
